Type	Chromosome	Start	End	-log10(q-value)	G-score	average amplitude	frequency
Amp	 1	1289585	1289585	0.744936	0.162607	0.985882	0.258824
Amp	 1	1688579	1688579	0.744936	0.162607	0.985882	0.258824
Amp	 1	1961591	1961591	0.744936	0.162607	0.985882	0.258824
Amp	 1	6511984	6511984	0.744936	0.162607	0.985882	0.258824
Amp	 1	7980908	7980908	0.744936	0.162607	0.985882	0.258824
Amp	 1	10511534	10511534	0.744936	0.162607	0.985882	0.258824
Amp	 1	10511534	10511534	0.744936	0.162607	0.985882	0.258824
Amp	 1	10511534	10511534	0.744936	0.162607	0.985882	0.258824
Amp	 1	11134049	11134049	0.744936	0.162607	0.985882	0.258824
Amp	 1	11766656	11766656	0.744936	0.162607	0.985882	0.258824
Amp	 1	11883828	11883828	0.744936	0.162607	0.985882	0.258824
Amp	 1	12476744	12476744	0.744936	0.162607	0.985882	0.258824
Amp	 1	12853576	12853576	0.744936	0.162607	0.985882	0.258824
Amp	 1	16332783	16332783	0.744936	0.162607	0.985882	0.258824
Amp	 1	19503178	19503178	0.744936	0.162607	0.985882	0.258824
Amp	 1	20073053	20073053	0.744936	0.162607	0.985882	0.258824
Amp	 1	20982674	20982674	0.744936	0.162607	0.985882	0.258824
Amp	 1	26142175	26142175	0.744936	0.162607	0.985882	0.258824
Amp	 1	26507249	26507249	0.744936	0.162607	0.985882	0.258824
Amp	 1	26650761	26650761	0.744936	0.162607	0.985882	0.258824
Amp	 1	26751942	26751942	0.744936	0.162607	0.985882	0.258824
Amp	 1	31532115	31532115	0.744936	0.162607	0.985882	0.258824
Amp	 1	32669596	32669596	0.744936	0.162607	0.985882	0.258824
Amp	 1	33059062	33059062	0.744936	0.162607	0.985882	0.258824
Amp	 1	33292014	33292014	0.744936	0.162607	0.985882	0.258824
Amp	 1	36181861	36181861	0.744936	0.162607	0.985882	0.258824
Amp	 1	40923061	40923061	0.744936	0.162607	0.985882	0.258824
Amp	 1	40929182	40929182	0.744936	0.162607	0.985882	0.258824
Amp	 1	43021838	43021838	0.744936	0.162607	0.985882	0.258824
Amp	 1	43162873	43162873	0.744936	0.162607	0.985882	0.258824
Amp	 1	45340494	45340494	0.744936	0.162607	0.985882	0.258824
Amp	 1	46120360	46120360	0.744936	0.162607	0.985882	0.258824
Amp	 1	46500699	46500699	0.744936	0.162607	0.985882	0.258824
Amp	 1	46726936	46726936	0.744936	0.162607	0.985882	0.258824
Amp	 1	53370427	53370427	0.744936	0.162607	0.985882	0.258824
Amp	 1	55509625	55509625	0.744936	0.162607	0.985882	0.258824
Amp	 1	62739514	62739514	0.744936	0.162607	0.985882	0.258824
Amp	 1	65243546	65243546	0.744936	0.162607	0.985882	0.258824
Amp	 1	67303427	67303427	0.744936	0.162607	0.985882	0.258824
Amp	 1	68896996	68896996	0.744936	0.162607	0.985882	0.258824
Amp	 1	74507023	74507023	0.744936	0.162607	0.985882	0.258824
Amp	 1	76199222	76199222	0.744936	0.162607	0.985882	0.258824
Amp	 1	76260244	76260244	0.744936	0.162607	0.985882	0.258824
Amp	 1	79101116	79101116	0.744936	0.162607	0.985882	0.258824
Amp	 1	79116158	79116158	0.744936	0.162607	0.985882	0.258824
Amp	 1	85570244	85570244	0.744936	0.162607	0.985882	0.258824
Amp	 1	86173774	86173774	0.744936	0.162607	0.985882	0.258824
Amp	 1	86334296	86334296	0.744936	0.162607	0.985882	0.258824
Amp	 1	86487957	86487957	0.744936	0.162607	0.985882	0.258824
Amp	 1	86499587	86499587	0.744936	0.162607	0.985882	0.258824
Amp	 1	86951234	86951234	0.744936	0.162607	0.985882	0.258824
Amp	 1	86961284	86961284	0.744936	0.162607	0.985882	0.258824
Amp	 1	89449166	89449166	0.744936	0.162607	0.985882	0.258824
Amp	 1	94548945	94548945	0.744936	0.162607	0.985882	0.258824
Amp	 1	94577102	94577102	0.744936	0.162607	0.985882	0.258824
Amp	 1	97564172	97564172	0.744936	0.162607	0.985882	0.258824
Amp	 1	100327830	100327830	0.744936	0.162607	0.985882	0.258824
Amp	 1	100963661	100963661	0.744936	0.162607	0.985882	0.258824
Amp	 1	108417527	108417527	0.744936	0.162607	0.985882	0.258824
Amp	 1	108681760	108681760	0.744936	0.162607	0.985882	0.258824
Amp	 1	109198244	109198244	0.744936	0.162607	0.985882	0.258824
Amp	 1	109265134	109265134	0.744936	0.162607	0.985882	0.258824
Amp	 1	109359719	109359719	0.744936	0.162607	0.985882	0.258824
Amp	 1	109525239	109525239	0.744936	0.162607	0.985882	0.258824
Amp	 1	110038583	110038583	0.744936	0.162607	0.985882	0.258824
Amp	 1	110741014	110741014	0.744936	0.162607	0.985882	0.258824
Amp	 1	110882134	110882134	0.744936	0.162607	0.985882	0.258824
Amp	 1	110950295	110950295	0.744936	0.162607	0.985882	0.258824
Amp	 1	114512583	114512583	0.744936	0.162607	0.985882	0.258824
Amp	 1	117554430	117554430	0.744936	0.162607	0.985882	0.258824
Amp	 1	118539100	118539100	0.744936	0.162607	0.985882	0.258824
Amp	 1	120436714	120436714	0.744936	0.162607	0.985882	0.258824
Amp	 1	145586596	145586596	0.744936	0.162607	0.985882	0.258824
Amp	 1	145586846	145586846	0.744936	0.162607	0.985882	0.258824
Amp	 1	147230517	147230517	0.744936	0.162607	0.985882	0.258824
Amp	 1	148004567	148004567	0.744936	0.162607	0.985882	0.258824
Amp	 1	149920922	149920922	0.744936	0.162607	0.985882	0.258824
Amp	 1	151107283	151107283	0.744936	0.162607	0.985882	0.258824
Amp	 1	151108613	151108613	0.744936	0.162607	0.985882	0.258824
Amp	 1	151259666	151259666	0.744936	0.162607	0.985882	0.258824
Amp	 1	152059517	152059517	0.744936	0.162607	0.985882	0.258824
Amp	 1	152192303	152192303	0.744936	0.162607	0.985882	0.258824
Amp	 1	152192849	152192849	0.744936	0.162607	0.985882	0.258824
Amp	 1	152276050	152276050	0.744936	0.162607	0.985882	0.258824
Amp	 1	152276155	152276155	0.744936	0.162607	0.985882	0.258824
Amp	 1	152276164	152276164	0.744936	0.162607	0.985882	0.258824
Amp	 1	152276248	152276248	0.744936	0.162607	0.985882	0.258824
Amp	 1	152276722	152276722	0.744936	0.162607	0.985882	0.258824
Amp	 1	152277640	152277640	0.744936	0.162607	0.985882	0.258824
Amp	 1	152278612	152278612	0.744936	0.162607	0.985882	0.258824
Amp	 1	152279728	152279728	0.744936	0.162607	0.985882	0.258824
Amp	 1	152280556	152280556	0.744936	0.162607	0.985882	0.258824
Amp	 1	152281015	152281015	0.744936	0.162607	0.985882	0.258824
Amp	 1	152281618	152281618	0.744936	0.162607	0.985882	0.258824
Amp	 1	152282149	152282149	0.744936	0.162607	0.985882	0.258824
Amp	 1	152282590	152282590	0.744936	0.162607	0.985882	0.258824
Amp	 1	152283289	152283289	0.744936	0.162607	0.985882	0.258824
Amp	 1	152284939	152284939	0.744936	0.162607	0.985882	0.258824
Amp	 1	152323807	152323807	0.744936	0.162607	0.985882	0.258824
Amp	 1	152324761	152324761	0.744936	0.162607	0.985882	0.258824
Amp	 1	152324992	152324992	0.744936	0.162607	0.985882	0.258824
Amp	 1	152681835	152681835	0.744936	0.162607	0.985882	0.258824
Amp	 1	153701181	153701181	0.744936	0.162607	0.985882	0.258824
Amp	 1	153991479	153991479	0.744936	0.162607	0.985882	0.258824
Amp	 1	154932228	154932228	0.744936	0.162607	0.985882	0.258824
Amp	 1	155160329	155160329	0.744936	0.162607	0.985882	0.258824
Amp	 1	155208003	155208003	0.744936	0.162607	0.985882	0.258824
Amp	 1	155258028	155258028	0.744936	0.162607	0.985882	0.258824
Amp	 1	155649287	155649287	0.744936	0.162607	0.985882	0.258824
Amp	 1	155679584	155679584	0.744936	0.162607	0.985882	0.258824
Amp	 1	156213701	156213701	0.744936	0.162607	0.985882	0.258824
Amp	 1	156437912	156437912	0.744936	0.162607	0.985882	0.258824
Amp	 1	156884526	156884526	0.744936	0.162607	0.985882	0.258824
Amp	 1	158390229	158390229	0.744936	0.162607	0.985882	0.258824
Amp	 1	160314524	160314524	0.744936	0.162607	0.985882	0.258824
Amp	 1	160851781	160851781	0.744936	0.162607	0.985882	0.258824
Amp	 1	161599741	161599741	0.744936	0.162607	0.985882	0.258824
Amp	 1	161967677	161967677	0.744936	0.162607	0.985882	0.258824
Amp	 1	162313758	162313758	0.744936	0.162607	0.985882	0.258824
Amp	 1	163044301	163044301	0.744936	0.162607	0.985882	0.258824
Amp	 1	164529151	164529151	0.744936	0.162607	0.985882	0.258824
Amp	 1	164790823	164790823	0.744936	0.162607	0.985882	0.258824
Amp	 1	169511728	169511728	0.744936	0.162607	0.985882	0.258824
Amp	 1	171510225	171510225	0.744936	0.162607	0.985882	0.258824
Amp	 1	173933992	173933992	0.744936	0.162607	0.985882	0.258824
Amp	 1	176526234	176526234	0.744936	0.162607	0.985882	0.258824
Amp	 1	179631339	179631339	0.744936	0.162607	0.985882	0.258824
Amp	 1	180959235	180959235	0.744936	0.162607	0.985882	0.258824
Amp	 1	186072691	186072691	0.744936	0.162607	0.985882	0.258824
Amp	 1	186094763	186094763	0.744936	0.162607	0.985882	0.258824
Amp	 1	186303576	186303576	0.744936	0.162607	0.985882	0.258824
Amp	 1	196695675	196695675	0.744936	0.162607	0.985882	0.258824
Amp	 1	197071626	197071626	0.744936	0.162607	0.985882	0.258824
Amp	 1	198675959	198675959	0.744936	0.162607	0.985882	0.258824
Amp	 1	202129898	202129898	0.744936	0.162607	0.985882	0.258824
Amp	 1	207198312	207198312	0.744936	0.162607	0.985882	0.258824
Amp	 1	207641953	207641953	0.744936	0.162607	0.985882	0.258824
Amp	 1	216246236	216246236	0.744936	0.162607	0.985882	0.258824
Amp	 1	222923291	222923291	0.744936	0.162607	0.985882	0.258824
Amp	 1	225702323	225702323	0.744936	0.162607	0.985882	0.258824
Amp	 1	227152786	227152786	0.744936	0.162607	0.985882	0.258824
Amp	 1	236371376	236371376	0.744936	0.162607	0.985882	0.258824
Amp	 1	237060916	237060916	0.744936	0.162607	0.985882	0.258824
Amp	 1	237551459	237551459	0.744936	0.162607	0.985882	0.258824
Amp	 1	241907807	241907807	0.744936	0.162607	0.985882	0.258824
Amp	 1	241929575	241929575	0.744936	0.162607	0.985882	0.258824
Amp	 1	248458141	248458141	0.744936	0.162607	0.985882	0.258824
Amp	 10	5248332	5248332	0.744936	0.162607	0.985882	0.258824
Amp	 10	5963306	5963306	0.744936	0.162607	0.985882	0.258824
Amp	 10	7791230	7791230	0.744936	0.162607	0.985882	0.258824
Amp	 10	15115107	15115107	0.744936	0.162607	0.985882	0.258824
Amp	 10	16883009	16883009	0.744936	0.162607	0.985882	0.258824
Amp	 10	16960644	16960644	0.744936	0.162607	0.985882	0.258824
Amp	 10	17164851	17164851	0.744936	0.162607	0.985882	0.258824
Amp	 10	21784842	21784842	0.744936	0.162607	0.985882	0.258824
Amp	 10	21959598	21959598	0.744936	0.162607	0.985882	0.258824
Amp	 10	22022788	22022788	0.744936	0.162607	0.985882	0.258824
Amp	 10	22615443	22615443	0.744936	0.162607	0.985882	0.258824
Amp	 10	22615443	22615443	0.744936	0.162607	0.985882	0.258824
Amp	 10	24909091	24909091	0.744936	0.162607	0.985882	0.258824
Amp	 10	25313792	25313792	0.744936	0.162607	0.985882	0.258824
Amp	 10	26986729	26986729	0.744936	0.162607	0.985882	0.258824
Amp	 10	27499982	27499982	0.744936	0.162607	0.985882	0.258824
Amp	 10	28224092	28224092	0.744936	0.162607	0.985882	0.258824
Amp	 10	28272788	28272788	0.744936	0.162607	0.985882	0.258824
Amp	 10	28272791	28272791	0.744936	0.162607	0.985882	0.258824
Amp	 10	28284016	28284016	0.744936	0.162607	0.985882	0.258824
Amp	 10	29580930	29580930	0.744936	0.162607	0.985882	0.258824
Amp	 10	30318472	30318472	0.744936	0.162607	0.985882	0.258824
Amp	 10	31134323	31134323	0.744936	0.162607	0.985882	0.258824
Amp	 10	32103240	32103240	0.744936	0.162607	0.985882	0.258824
Amp	 10	32575718	32575718	0.744936	0.162607	0.985882	0.258824
Amp	 10	33224458	33224458	0.744936	0.162607	0.985882	0.258824
Amp	 10	37422972	37422972	0.744936	0.162607	0.985882	0.258824
Amp	 10	51623174	51623174	0.744936	0.162607	0.985882	0.258824
Amp	 10	53457688	53457688	0.744936	0.162607	0.985882	0.258824
Amp	 10	72195340	72195340	0.744936	0.162607	0.985882	0.258824
Amp	 10	79397345	79397345	0.744936	0.162607	0.985882	0.258824
Amp	 10	79784443	79784443	0.744936	0.162607	0.985882	0.258824
Amp	 10	85993888	85993888	0.744936	0.162607	0.985882	0.258824
Amp	 10	86131116	86131116	0.744936	0.162607	0.985882	0.258824
Amp	 10	88649891	88649891	0.744936	0.162607	0.985882	0.258824
Amp	 10	91404734	91404734	0.744936	0.162607	0.985882	0.258824
Amp	 10	95891974	95891974	0.744936	0.162607	0.985882	0.258824
Amp	 10	97101103	97101103	0.744936	0.162607	0.985882	0.258824
Amp	 10	98097944	98097944	0.744936	0.162607	0.985882	0.258824
Amp	 10	102257955	102257955	0.744936	0.162607	0.985882	0.258824
Amp	 10	102748656	102748656	0.744936	0.162607	0.985882	0.258824
Amp	 10	104211149	104211149	0.744936	0.162607	0.985882	0.258824
Amp	 10	105921756	105921756	0.744936	0.162607	0.985882	0.258824
Amp	 10	108437119	108437119	0.744936	0.162607	0.985882	0.258824
Amp	 10	112541047	112541047	0.744936	0.162607	0.985882	0.258824
Amp	 10	113919778	113919778	0.744936	0.162607	0.985882	0.258824
Amp	 10	114061865	114061865	0.744936	0.162607	0.985882	0.258824
Amp	 10	115805057	115805057	0.744936	0.162607	0.985882	0.258824
Amp	 10	118236223	118236223	0.744936	0.162607	0.985882	0.258824
Amp	 10	121411261	121411261	0.744936	0.162607	0.985882	0.258824
Amp	 10	124335951	124335951	0.744936	0.162607	0.985882	0.258824
Amp	 10	124380609	124380609	0.744936	0.162607	0.985882	0.258824
Amp	 10	124712465	124712465	0.744936	0.162607	0.985882	0.258824
Amp	 10	124813226	124813226	0.744936	0.162607	0.985882	0.258824
Amp	 10	129913878	129913878	0.744936	0.162607	0.985882	0.258824
Amp	 11	1605905	1605905	0.744936	0.162607	0.985882	0.258824
Amp	 11	3789965	3789965	0.744936	0.162607	0.985882	0.258824
Amp	 11	5221857	5221857	0.744936	0.162607	0.985882	0.258824
Amp	 11	5290859	5290859	0.744936	0.162607	0.985882	0.258824
Amp	 11	5730793	5730793	0.744936	0.162607	0.985882	0.258824
Amp	 11	6653768	6653768	0.744936	0.162607	0.985882	0.258824
Amp	 11	8161623	8161623	0.744936	0.162607	0.985882	0.258824
Amp	 11	14902239	14902239	0.744936	0.162607	0.985882	0.258824
Amp	 11	15197442	15197442	0.744936	0.162607	0.985882	0.258824
Amp	 11	18956282	18956282	0.744936	0.162607	0.985882	0.258824
Amp	 11	20065813	20065813	0.744936	0.162607	0.985882	0.258824
Amp	 11	26587158	26587158	0.744936	0.162607	0.985882	0.258824
Amp	 11	32874946	32874946	0.744936	0.162607	0.985882	0.258824
Amp	 11	32976858	32976858	0.744936	0.162607	0.985882	0.258824
Amp	 11	48285453	48285453	0.744936	0.162607	0.985882	0.258824
Amp	 11	51515712	51515712	0.744936	0.162607	0.985882	0.258824
Amp	 11	51515727	51515727	0.744936	0.162607	0.985882	0.258824
Amp	 11	55595017	55595017	0.744936	0.162607	0.985882	0.258824
Amp	 11	55658891	55658891	0.744936	0.162607	0.985882	0.258824
Amp	 11	56510788	56510788	0.744936	0.162607	0.985882	0.258824
Amp	 11	56756399	56756399	0.744936	0.162607	0.985882	0.258824
Amp	 11	56756999	56756999	0.744936	0.162607	0.985882	0.258824
Amp	 11	57564074	57564074	0.744936	0.162607	0.985882	0.258824
Amp	 11	57958471	57958471	0.744936	0.162607	0.985882	0.258824
Amp	 11	58384980	58384980	0.744936	0.162607	0.985882	0.258824
Amp	 11	59282711	59282711	0.744936	0.162607	0.985882	0.258824
Amp	 11	59611495	59611495	0.744936	0.162607	0.985882	0.258824
Amp	 11	61724887	61724887	0.744936	0.162607	0.985882	0.258824
Amp	 11	62298641	62298641	0.744936	0.162607	0.985882	0.258824
Amp	 11	62299004	62299004	0.744936	0.162607	0.985882	0.258824
Amp	 11	62377160	62377160	0.744936	0.162607	0.985882	0.258824
Amp	 11	62382163	62382163	0.744936	0.162607	0.985882	0.258824
Amp	 11	62995975	62995975	0.744936	0.162607	0.985882	0.258824
Amp	 11	65481988	65481988	0.744936	0.162607	0.985882	0.258824
Amp	 11	65547221	65547221	0.744936	0.162607	0.985882	0.258824
Amp	 11	66392534	66392534	0.744936	0.162607	0.985882	0.258824
Amp	 11	66457639	66457639	0.744936	0.162607	0.985882	0.258824
Amp	 11	68331866	68331866	0.744936	0.162607	0.985882	0.258824
Amp	 11	72084052	72084052	0.744936	0.162607	0.985882	0.258824
Amp	 11	73021032	73021032	0.744936	0.162607	0.985882	0.258824
Amp	 11	92526066	92526066	0.744936	0.162607	0.985882	0.258824
Amp	 11	93472457	93472457	0.744936	0.162607	0.985882	0.258824
Amp	 11	95512777	95512777	0.744936	0.162607	0.985882	0.258824
Amp	 11	103025296	103025296	0.744936	0.162607	0.985882	0.258824
Amp	 11	104879728	104879728	0.744936	0.162607	0.985882	0.258824
Amp	 11	105789502	105789502	0.744936	0.162607	0.985882	0.258824
Amp	 11	108017059	108017059	0.744936	0.162607	0.985882	0.258824
Amp	 11	108043834	108043834	0.744936	0.162607	0.985882	0.258824
Amp	 11	108192114	108192114	0.744936	0.162607	0.985882	0.258824
Amp	 11	108236120	108236120	0.744936	0.162607	0.985882	0.258824
Amp	 11	108535912	108535912	0.744936	0.162607	0.985882	0.258824
Amp	 11	113618377	113618377	0.744936	0.162607	0.985882	0.258824
Amp	 11	114392862	114392862	0.744936	0.162607	0.985882	0.258824
Amp	 11	118133659	118133659	0.744936	0.162607	0.985882	0.258824
Amp	 11	118347557	118347557	0.744936	0.162607	0.985882	0.258824
Amp	 11	122665463	122665463	0.744936	0.162607	0.985882	0.258824
Amp	 11	124637412	124637412	0.744936	0.162607	0.985882	0.258824
Amp	 11	124745929	124745929	0.744936	0.162607	0.985882	0.258824
Amp	 11	124747839	124747839	0.744936	0.162607	0.985882	0.258824
Amp	 11	125765956	125765956	0.744936	0.162607	0.985882	0.258824
Amp	 11	132812887	132812887	0.744936	0.162607	0.985882	0.258824
Amp	 12	4853740	4853740	0.744936	0.162607	0.985882	0.258824
Amp	 12	5860113	5860113	0.744936	0.162607	0.985882	0.258824
Amp	 12	6646283	6646283	0.744936	0.162607	0.985882	0.258824
Amp	 12	9090522	9090522	0.744936	0.162607	0.985882	0.258824
Amp	 12	10959506	10959506	0.744936	0.162607	0.985882	0.258824
Amp	 12	11061089	11061089	0.744936	0.162607	0.985882	0.258824
Amp	 12	11183456	11183456	0.744936	0.162607	0.985882	0.258824
Amp	 12	11420629	11420629	0.744936	0.162607	0.985882	0.258824
Amp	 12	11461741	11461741	0.744936	0.162607	0.985882	0.258824
Amp	 12	12278309	12278309	0.744936	0.162607	0.985882	0.258824
Amp	 12	13243562	13243562	0.744936	0.162607	0.985882	0.258824
Amp	 12	14794102	14794102	0.744936	0.162607	0.985882	0.258824
Amp	 12	14993909	14993909	0.744936	0.162607	0.985882	0.258824
Amp	 12	21205161	21205161	0.744936	0.162607	0.985882	0.258824
Amp	 12	21467543	21467543	0.744936	0.162607	0.985882	0.258824
Amp	 12	21712612	21712612	0.744936	0.162607	0.985882	0.258824
Amp	 12	21796997	21796997	0.744936	0.162607	0.985882	0.258824
Amp	 12	27109543	27109543	0.744936	0.162607	0.985882	0.258824
Amp	 12	27543062	27543062	0.744936	0.162607	0.985882	0.258824
Amp	 12	30863188	30863188	0.744936	0.162607	0.985882	0.258824
Amp	 12	40875972	40875972	0.744936	0.162607	0.985882	0.258824
Amp	 12	44148801	44148801	0.744936	0.162607	0.985882	0.258824
Amp	 12	49219004	49219004	0.744936	0.162607	0.985882	0.258824
Amp	 12	49428411	49428411	0.744936	0.162607	0.985882	0.258824
Amp	 12	50037771	50037771	0.744936	0.162607	0.985882	0.258824
Amp	 12	50344912	50344912	0.744936	0.162607	0.985882	0.258824
Amp	 12	52284995	52284995	0.744936	0.162607	0.985882	0.258824
Amp	 12	53039345	53039345	0.744936	0.162607	0.985882	0.258824
Amp	 12	53233123	53233123	0.744936	0.162607	0.985882	0.258824
Amp	 12	53241757	53241757	0.744936	0.162607	0.985882	0.258824
Amp	 12	55524325	55524325	0.744936	0.162607	0.985882	0.258824
Amp	 12	56352373	56352373	0.744936	0.162607	0.985882	0.258824
Amp	 12	56481406	56481406	0.744936	0.162607	0.985882	0.258824
Amp	 12	57113692	57113692	0.744936	0.162607	0.985882	0.258824
Amp	 12	57431776	57431776	0.744936	0.162607	0.985882	0.258824
Amp	 12	57920520	57920520	0.744936	0.162607	0.985882	0.258824
Amp	 12	62938748	62938748	0.744936	0.162607	0.985882	0.258824
Amp	 12	71523127	71523127	0.744936	0.162607	0.985882	0.258824
Amp	 12	72056849	72056849	0.744936	0.162607	0.985882	0.258824
Amp	 12	72056858	72056858	0.744936	0.162607	0.985882	0.258824
Amp	 12	72092845	72092845	0.744936	0.162607	0.985882	0.258824
Amp	 12	72288109	72288109	0.744936	0.162607	0.985882	0.258824
Amp	 12	75900277	75900277	0.744936	0.162607	0.985882	0.258824
Amp	 12	78225435	78225435	0.744936	0.162607	0.985882	0.258824
Amp	 12	85438544	85438544	0.744936	0.162607	0.985882	0.258824
Amp	 12	85459134	85459134	0.744936	0.162607	0.985882	0.258824
Amp	 12	96181228	96181228	0.744936	0.162607	0.985882	0.258824
Amp	 12	97339501	97339501	0.744936	0.162607	0.985882	0.258824
Amp	 12	98995158	98995158	0.744936	0.162607	0.985882	0.258824
Amp	 12	100451939	100451939	0.744936	0.162607	0.985882	0.258824
Amp	 12	102174006	102174006	0.744936	0.162607	0.985882	0.258824
Amp	 12	103238169	103238169	0.744936	0.162607	0.985882	0.258824
Amp	 12	104069723	104069723	0.744936	0.162607	0.985882	0.258824
Amp	 12	107395706	107395706	0.744936	0.162607	0.985882	0.258824
Amp	 12	109604680	109604680	0.744936	0.162607	0.985882	0.258824
Amp	 12	111785687	111785687	0.744936	0.162607	0.985882	0.258824
Amp	 12	112097115	112097115	0.744936	0.162607	0.985882	0.258824
Amp	 12	112306595	112306595	0.744936	0.162607	0.985882	0.258824
Amp	 12	112711488	112711488	0.744936	0.162607	0.985882	0.258824
Amp	 12	122353841	122353841	0.744936	0.162607	0.985882	0.258824
Amp	 12	124071316	124071316	0.744936	0.162607	0.985882	0.258824
Amp	 12	124284803	124284803	0.744936	0.162607	0.985882	0.258824
Amp	 12	124416300	124416300	0.744936	0.162607	0.985882	0.258824
Amp	 12	132476725	132476725	0.744936	0.162607	0.985882	0.258824
Amp	 12	132504719	132504719	0.744936	0.162607	0.985882	0.258824
Amp	 12	133502872	133502872	0.744936	0.162607	0.985882	0.258824
Amp	 12	133682921	133682921	0.744936	0.162607	0.985882	0.258824
Amp	 12	133697996	133697996	0.744936	0.162607	0.985882	0.258824
Amp	 13	23915205	23915205	0.744936	0.162607	0.985882	0.258824
Amp	 13	25442808	25442808	0.744936	0.162607	0.985882	0.258824
Amp	 13	26788877	26788877	0.744936	0.162607	0.985882	0.258824
Amp	 13	28609751	28609751	0.744936	0.162607	0.985882	0.258824
Amp	 13	29287326	29287326	0.744936	0.162607	0.985882	0.258824
Amp	 13	31722122	31722122	0.744936	0.162607	0.985882	0.258824
Amp	 13	32852636	32852636	0.744936	0.162607	0.985882	0.258824
Amp	 13	32915313	32915313	0.744936	0.162607	0.985882	0.258824
Amp	 13	32944585	32944585	0.744936	0.162607	0.985882	0.258824
Amp	 13	32954253	32954253	0.744936	0.162607	0.985882	0.258824
Amp	 13	34392356	34392356	0.744936	0.162607	0.985882	0.258824
Amp	 13	41134762	41134762	0.744936	0.162607	0.985882	0.258824
Amp	 13	42393436	42393436	0.744936	0.162607	0.985882	0.258824
Amp	 13	42772626	42772626	0.744936	0.162607	0.985882	0.258824
Amp	 13	46539564	46539564	0.744936	0.162607	0.985882	0.258824
Amp	 13	49765366	49765366	0.744936	0.162607	0.985882	0.258824
Amp	 13	49842085	49842085	0.744936	0.162607	0.985882	0.258824
Amp	 13	52523898	52523898	0.744936	0.162607	0.985882	0.258824
Amp	 13	61102930	61102930	0.744936	0.162607	0.985882	0.258824
Amp	 13	74420167	74420167	0.744936	0.162607	0.985882	0.258824
Amp	 13	76140877	76140877	0.744936	0.162607	0.985882	0.258824
Amp	 13	96246259	96246259	0.744936	0.162607	0.985882	0.258824
Amp	 13	99061646	99061646	0.744936	0.162607	0.985882	0.258824
Amp	 13	99907696	99907696	0.744936	0.162607	0.985882	0.258824
Amp	 13	103718370	103718370	0.744936	0.162607	0.985882	0.258824
Amp	 13	108959249	108959249	0.744936	0.162607	0.985882	0.258824
Amp	 13	110838809	110838809	0.744936	0.162607	0.985882	0.258824
Amp	 13	115090621	115090621	0.744936	0.162607	0.985882	0.258824
Amp	 14	20528250	20528250	0.744936	0.162607	0.985882	0.258824
Amp	 14	20528325	20528325	0.744936	0.162607	0.985882	0.258824
Amp	 14	20757838	20757838	0.744936	0.162607	0.985882	0.258824
Amp	 14	21992054	21992054	0.744936	0.162607	0.985882	0.258824
Amp	 14	21992885	21992885	0.744936	0.162607	0.985882	0.258824
Amp	 14	31099756	31099756	0.744936	0.162607	0.985882	0.258824
Amp	 14	31348040	31348040	0.744936	0.162607	0.985882	0.258824
Amp	 14	33204991	33204991	0.744936	0.162607	0.985882	0.258824
Amp	 14	39532577	39532577	0.744936	0.162607	0.985882	0.258824
Amp	 14	39716716	39716716	0.744936	0.162607	0.985882	0.258824
Amp	 14	45433309	45433309	0.744936	0.162607	0.985882	0.258824
Amp	 14	45645661	45645661	0.744936	0.162607	0.985882	0.258824
Amp	 14	52507491	52507491	0.744936	0.162607	0.985882	0.258824
Amp	 14	52906089	52906089	0.744936	0.162607	0.985882	0.258824
Amp	 14	52923868	52923868	0.744936	0.162607	0.985882	0.258824
Amp	 14	57268760	57268760	0.744936	0.162607	0.985882	0.258824
Amp	 14	58604821	58604821	0.744936	0.162607	0.985882	0.258824
Amp	 14	58875774	58875774	0.744936	0.162607	0.985882	0.258824
Amp	 14	58934567	58934567	0.744936	0.162607	0.985882	0.258824
Amp	 14	60619871	60619871	0.744936	0.162607	0.985882	0.258824
Amp	 14	63671604	63671604	0.744936	0.162607	0.985882	0.258824
Amp	 14	64685201	64685201	0.744936	0.162607	0.985882	0.258824
Amp	 14	70125419	70125419	0.744936	0.162607	0.985882	0.258824
Amp	 14	73659429	73659429	0.744936	0.162607	0.985882	0.258824
Amp	 14	73683837	73683837	0.744936	0.162607	0.985882	0.258824
Amp	 14	74059013	74059013	0.744936	0.162607	0.985882	0.258824
Amp	 14	74086140	74086140	0.744936	0.162607	0.985882	0.258824
Amp	 14	74205822	74205822	0.744936	0.162607	0.985882	0.258824
Amp	 14	74206380	74206380	0.744936	0.162607	0.985882	0.258824
Amp	 14	74416866	74416866	0.744936	0.162607	0.985882	0.258824
Amp	 14	74766321	74766321	0.744936	0.162607	0.985882	0.258824
Amp	 14	75513306	75513306	0.744936	0.162607	0.985882	0.258824
Amp	 14	88940082	88940082	0.744936	0.162607	0.985882	0.258824
Amp	 14	89307251	89307251	0.744936	0.162607	0.985882	0.258824
Amp	 14	95593047	95593047	0.744936	0.162607	0.985882	0.258824
Amp	 14	105414112	105414112	0.744936	0.162607	0.985882	0.258824
Amp	 14	105417082	105417082	0.744936	0.162607	0.985882	0.258824
Amp	 14	105417370	105417370	0.744936	0.162607	0.985882	0.258824
Amp	 14	105452794	105452794	0.744936	0.162607	0.985882	0.258824
Amp	 15	23812284	23812284	0.744936	0.162607	0.985882	0.258824
Amp	 15	30385150	30385150	0.744936	0.162607	0.985882	0.258824
Amp	 15	33261143	33261143	0.744936	0.162607	0.985882	0.258824
Amp	 15	34159962	34159962	0.744936	0.162607	0.985882	0.258824
Amp	 15	34445157	34445157	0.744936	0.162607	0.985882	0.258824
Amp	 15	34544484	34544484	0.744936	0.162607	0.985882	0.258824
Amp	 15	40031945	40031945	0.744936	0.162607	0.985882	0.258824
Amp	 15	40488814	40488814	0.744936	0.162607	0.985882	0.258824
Amp	 15	42146345	42146345	0.744936	0.162607	0.985882	0.258824
Amp	 15	42456663	42456663	0.744936	0.162607	0.985882	0.258824
Amp	 15	42980291	42980291	0.744936	0.162607	0.985882	0.258824
Amp	 15	43398201	43398201	0.744936	0.162607	0.985882	0.258824
Amp	 15	43641169	43641169	0.744936	0.162607	0.985882	0.258824
Amp	 15	43654127	43654127	0.744936	0.162607	0.985882	0.258824
Amp	 15	44629992	44629992	0.744936	0.162607	0.985882	0.258824
Amp	 15	45405557	45405557	0.744936	0.162607	0.985882	0.258824
Amp	 15	45454487	45454487	0.744936	0.162607	0.985882	0.258824
Amp	 15	48905275	48905275	0.744936	0.162607	0.985882	0.258824
Amp	 15	49327547	49327547	0.744936	0.162607	0.985882	0.258824
Amp	 15	50494828	50494828	0.744936	0.162607	0.985882	0.258824
Amp	 15	51974026	51974026	0.744936	0.162607	0.985882	0.258824
Amp	 15	54307493	54307493	0.744936	0.162607	0.985882	0.258824
Amp	 15	56388334	56388334	0.744936	0.162607	0.985882	0.258824
Amp	 15	63031659	63031659	0.744936	0.162607	0.985882	0.258824
Amp	 15	63571440	63571440	0.744936	0.162607	0.985882	0.258824
Amp	 15	63597901	63597901	0.744936	0.162607	0.985882	0.258824
Amp	 15	63618533	63618533	0.744936	0.162607	0.985882	0.258824
Amp	 15	64689869	64689869	0.744936	0.162607	0.985882	0.258824
Amp	 15	65360157	65360157	0.744936	0.162607	0.985882	0.258824
Amp	 15	65682658	65682658	0.744936	0.162607	0.985882	0.258824
Amp	 15	66273204	66273204	0.744936	0.162607	0.985882	0.258824
Amp	 15	77426041	77426041	0.744936	0.162607	0.985882	0.258824
Amp	 15	80263070	80263070	0.744936	0.162607	0.985882	0.258824
Amp	 15	81610792	81610792	0.744936	0.162607	0.985882	0.258824
Amp	 15	89398752	89398752	0.744936	0.162607	0.985882	0.258824
Amp	 15	90020032	90020032	0.744936	0.162607	0.985882	0.258824
Amp	 15	98511335	98511335	0.744936	0.162607	0.985882	0.258824
Amp	 15	100672248	100672248	0.744936	0.162607	0.985882	0.258824
Amp	 15	101814816	101814816	0.744936	0.162607	0.985882	0.258824
Amp	 16	1877784	1877784	0.744936	0.162607	0.985882	0.258824
Amp	 16	1889287	1889287	0.744936	0.162607	0.985882	0.258824
Amp	 16	2871437	2871437	0.744936	0.162607	0.985882	0.258824
Amp	 16	3299732	3299732	0.744936	0.162607	0.985882	0.258824
Amp	 16	3304361	3304361	0.744936	0.162607	0.985882	0.258824
Amp	 16	4410345	4410345	0.744936	0.162607	0.985882	0.258824
Amp	 16	4410345	4410345	0.744936	0.162607	0.985882	0.258824
Amp	 16	4516171	4516171	0.744936	0.162607	0.985882	0.258824
Amp	 16	16349596	16349596	0.744936	0.162607	0.985882	0.258824
Amp	 16	19725456	19725456	0.744936	0.162607	0.985882	0.258824
Amp	 16	20376819	20376819	0.744936	0.162607	0.985882	0.258824
Amp	 16	20787243	20787243	0.744936	0.162607	0.985882	0.258824
Amp	 16	20803569	20803569	0.744936	0.162607	0.985882	0.258824
Amp	 16	20826350	20826350	0.744936	0.162607	0.985882	0.258824
Amp	 16	20974800	20974800	0.744936	0.162607	0.985882	0.258824
Amp	 16	23647523	23647523	0.744936	0.162607	0.985882	0.258824
Amp	 16	27712962	27712962	0.744936	0.162607	0.985882	0.258824
Amp	 16	29818834	29818834	0.744936	0.162607	0.985882	0.258824
Amp	 16	29912330	29912330	0.744936	0.162607	0.985882	0.258824
Amp	 16	30080184	30080184	0.744936	0.162607	0.985882	0.258824
Amp	 16	30582345	30582345	0.744936	0.162607	0.985882	0.258824
Amp	 16	50368670	50368670	0.744936	0.162607	0.985882	0.258824
Amp	 16	53734562	53734562	0.744936	0.162607	0.985882	0.258824
Amp	 16	55850849	55850849	0.744936	0.162607	0.985882	0.258824
Amp	 16	56868680	56868680	0.744936	0.162607	0.985882	0.258824
Amp	 16	57153153	57153153	0.744936	0.162607	0.985882	0.258824
Amp	 16	66918588	66918588	0.744936	0.162607	0.985882	0.258824
Amp	 16	67863739	67863739	0.744936	0.162607	0.985882	0.258824
Amp	 16	67863868	67863868	0.744936	0.162607	0.985882	0.258824
Amp	 16	67919733	67919733	0.744936	0.162607	0.985882	0.258824
Amp	 16	68901115	68901115	0.744936	0.162607	0.985882	0.258824
Amp	 16	68936305	68936305	0.744936	0.162607	0.985882	0.258824
Amp	 16	69170741	69170741	0.744936	0.162607	0.985882	0.258824
Amp	 16	69745084	69745084	0.744936	0.162607	0.985882	0.258824
Amp	 16	70817393	70817393	0.744936	0.162607	0.985882	0.258824
Amp	 16	70941290	70941290	0.744936	0.162607	0.985882	0.258824
Amp	 16	72090095	72090095	0.744936	0.162607	0.985882	0.258824
Amp	 16	72822672	72822672	0.744936	0.162607	0.985882	0.258824
Amp	 16	72829238	72829238	0.744936	0.162607	0.985882	0.258824
Amp	 16	77387739	77387739	0.744936	0.162607	0.985882	0.258824
Amp	 16	81078265	81078265	0.744936	0.162607	0.985882	0.258824
Amp	 16	81301612	81301612	0.744936	0.162607	0.985882	0.258824
Amp	 16	84203621	84203621	0.744936	0.162607	0.985882	0.258824
Amp	 16	84778947	84778947	0.744936	0.162607	0.985882	0.258824
Amp	 16	87743194	87743194	0.744936	0.162607	0.985882	0.258824
Amp	 16	88599715	88599715	0.744936	0.162607	0.985882	0.258824
Amp	 16	89265452	89265452	0.744936	0.162607	0.985882	0.258824
Amp	 16	89341532	89341532	0.744936	0.162607	0.985882	0.258824
Amp	 16	89348604	89348604	0.744936	0.162607	0.985882	0.258824
Amp	 16	89574992	89574992	0.744936	0.162607	0.985882	0.258824
Amp	 16	89977507	89977507	0.744936	0.162607	0.985882	0.258824
Amp	 17	3493557	3493557	0.744936	0.162607	0.985882	0.258824
Amp	 17	3493557	3493557	0.744936	0.162607	0.985882	0.258824
Amp	 17	3680894	3680894	0.744936	0.162607	0.985882	0.258824
Amp	 17	4352556	4352556	0.744936	0.162607	0.985882	0.258824
Amp	 17	4389617	4389617	0.744936	0.162607	0.985882	0.258824
Amp	 17	4539244	4539244	0.744936	0.162607	0.985882	0.258824
Amp	 17	4685865	4685865	0.744936	0.162607	0.985882	0.258824
Amp	 17	5331494	5331494	0.744936	0.162607	0.985882	0.258824
Amp	 17	5341506	5341506	0.744936	0.162607	0.985882	0.258824
Amp	 17	5392400	5392400	0.744936	0.162607	0.985882	0.258824
Amp	 17	6945674	6945674	0.744936	0.162607	0.985882	0.258824
Amp	 17	7130991	7130991	0.744936	0.162607	0.985882	0.258824
Amp	 17	7186844	7186844	0.744936	0.162607	0.985882	0.258824
Amp	 17	7576872	7576872	0.744936	0.162607	0.985882	0.258824
Amp	 17	7577141	7577141	0.744936	0.162607	0.985882	0.258824
Amp	 17	8007506	8007506	0.744936	0.162607	0.985882	0.258824
Amp	 17	8224274	8224274	0.744936	0.162607	0.985882	0.258824
Amp	 17	10318880	10318880	0.744936	0.162607	0.985882	0.258824
Amp	 17	18044418	18044418	0.744936	0.162607	0.985882	0.258824
Amp	 17	18181600	18181600	0.744936	0.162607	0.985882	0.258824
Amp	 17	18220761	18220761	0.744936	0.162607	0.985882	0.258824
Amp	 17	19290370	19290370	0.744936	0.162607	0.985882	0.258824
Amp	 17	27381687	27381687	0.744936	0.162607	0.985882	0.258824
Amp	 17	29553466	29553466	0.744936	0.162607	0.985882	0.258824
Amp	 17	33288800	33288800	0.744936	0.162607	0.985882	0.258824
Amp	 17	33738880	33738880	0.744936	0.162607	0.985882	0.258824
Amp	 17	35921662	35921662	0.744936	0.162607	0.985882	0.258824
Amp	 17	35990172	35990172	0.744936	0.162607	0.985882	0.258824
Amp	 17	36478450	36478450	0.744936	0.162607	0.985882	0.258824
Amp	 17	36498942	36498942	0.744936	0.162607	0.985882	0.258824
Amp	 17	37331645	37331645	0.744936	0.162607	0.985882	0.258824
Amp	 17	37371051	37371051	0.744936	0.162607	0.985882	0.258824
Amp	 17	37565058	37565058	0.744936	0.162607	0.985882	0.258824
Amp	 17	37865583	37865583	0.744936	0.162607	0.985882	0.258824
Amp	 17	38636046	38636046	0.744936	0.162607	0.985882	0.258824
Amp	 17	38911444	38911444	0.744936	0.162607	0.985882	0.258824
Amp	 17	38933528	38933528	0.744936	0.162607	0.985882	0.258824
Amp	 17	38978467	38978467	0.744936	0.162607	0.985882	0.258824
Amp	 17	39520155	39520155	0.744936	0.162607	0.985882	0.258824
Amp	 17	39723742	39723742	0.744936	0.162607	0.985882	0.258824
Amp	 17	40345373	40345373	0.744936	0.162607	0.985882	0.258824
Amp	 17	40961468	40961468	0.744936	0.162607	0.985882	0.258824
Amp	 17	40997827	40997827	0.744936	0.162607	0.985882	0.258824
Amp	 17	40998181	40998181	0.744936	0.162607	0.985882	0.258824
Amp	 17	41061424	41061424	0.744936	0.162607	0.985882	0.258824
Amp	 17	42268183	42268183	0.744936	0.162607	0.985882	0.258824
Amp	 17	42397575	42397575	0.744936	0.162607	0.985882	0.258824
Amp	 17	42931666	42931666	0.744936	0.162607	0.985882	0.258824
Amp	 17	46703144	46703144	0.744936	0.162607	0.985882	0.258824
Amp	 17	48264264	48264264	0.744936	0.162607	0.985882	0.258824
Amp	 17	48274387	48274387	0.744936	0.162607	0.985882	0.258824
Amp	 17	51901338	51901338	0.744936	0.162607	0.985882	0.258824
Amp	 17	54933904	54933904	0.744936	0.162607	0.985882	0.258824
Amp	 17	55191968	55191968	0.744936	0.162607	0.985882	0.258824
Amp	 17	56387907	56387907	0.744936	0.162607	0.985882	0.258824
Amp	 17	59557282	59557282	0.744936	0.162607	0.985882	0.258824
Amp	 17	60629691	60629691	0.744936	0.162607	0.985882	0.258824
Amp	 17	67084341	67084341	0.744936	0.162607	0.985882	0.258824
Amp	 17	67189361	67189361	0.744936	0.162607	0.985882	0.258824
Amp	 17	72522135	72522135	0.744936	0.162607	0.985882	0.258824
Amp	 17	72915948	72915948	0.744936	0.162607	0.985882	0.258824
Amp	 17	73874484	73874484	0.744936	0.162607	0.985882	0.258824
Amp	 17	76046063	76046063	0.744936	0.162607	0.985882	0.258824
Amp	 17	76219681	76219681	0.744936	0.162607	0.985882	0.258824
Amp	 17	76547636	76547636	0.744936	0.162607	0.985882	0.258824
Amp	 17	79095364	79095364	0.744936	0.162607	0.985882	0.258824
Amp	 17	79980718	79980718	0.744936	0.162607	0.985882	0.258824
Amp	 17	80223654	80223654	0.744936	0.162607	0.985882	0.258824
Amp	 17	80887123	80887123	0.744936	0.162607	0.985882	0.258824
Amp	 18	166800	166800	0.744936	0.162607	0.985882	0.258824
Amp	 18	669087	669087	0.744936	0.162607	0.985882	0.258824
Amp	 18	7036071	7036071	0.744936	0.162607	0.985882	0.258824
Amp	 18	14851920	14851920	0.744936	0.162607	0.985882	0.258824
Amp	 18	19780647	19780647	0.744936	0.162607	0.985882	0.258824
Amp	 18	21456271	21456271	0.744936	0.162607	0.985882	0.258824
Amp	 18	21805039	21805039	0.744936	0.162607	0.985882	0.258824
Amp	 18	23873420	23873420	0.744936	0.162607	0.985882	0.258824
Amp	 18	29049202	29049202	0.744936	0.162607	0.985882	0.258824
Amp	 18	29488850	29488850	0.744936	0.162607	0.985882	0.258824
Amp	 18	44560122	44560122	0.744936	0.162607	0.985882	0.258824
Amp	 18	47911594	47911594	0.744936	0.162607	0.985882	0.258824
Amp	 18	48604707	48604707	0.744936	0.162607	0.985882	0.258824
Amp	 18	51863556	51863556	0.744936	0.162607	0.985882	0.258824
Amp	 18	52921795	52921795	0.744936	0.162607	0.985882	0.258824
Amp	 18	61328053	61328053	0.744936	0.162607	0.985882	0.258824
Amp	 18	66344327	66344327	0.744936	0.162607	0.985882	0.258824
Amp	 18	74092256	74092256	0.744936	0.162607	0.985882	0.258824
Amp	 19	1231082	1231082	0.744936	0.162607	0.985882	0.258824
Amp	 19	2877552	2877552	0.744936	0.162607	0.985882	0.258824
Amp	 19	4159679	4159679	0.744936	0.162607	0.985882	0.258824
Amp	 19	4217058	4217058	0.744936	0.162607	0.985882	0.258824
Amp	 19	6468613	6468613	0.744936	0.162607	0.985882	0.258824
Amp	 19	6678175	6678175	0.744936	0.162607	0.985882	0.258824
Amp	 19	8130885	8130885	0.744936	0.162607	0.985882	0.258824
Amp	 19	8137050	8137050	0.744936	0.162607	0.985882	0.258824
Amp	 19	9063081	9063081	0.744936	0.162607	0.985882	0.258824
Amp	 19	9086722	9086722	0.744936	0.162607	0.985882	0.258824
Amp	 19	9577668	9577668	0.744936	0.162607	0.985882	0.258824
Amp	 19	9764391	9764391	0.744936	0.162607	0.985882	0.258824
Amp	 19	10077030	10077030	0.744936	0.162607	0.985882	0.258824
Amp	 19	10131433	10131433	0.744936	0.162607	0.985882	0.258824
Amp	 19	11485463	11485463	0.744936	0.162607	0.985882	0.258824
Amp	 19	11598232	11598232	0.744936	0.162607	0.985882	0.258824
Amp	 19	11727890	11727890	0.744936	0.162607	0.985882	0.258824
Amp	 19	11891244	11891244	0.744936	0.162607	0.985882	0.258824
Amp	 19	11943028	11943028	0.744936	0.162607	0.985882	0.258824
Amp	 19	12541151	12541151	0.744936	0.162607	0.985882	0.258824
Amp	 19	12575993	12575993	0.744936	0.162607	0.985882	0.258824
Amp	 19	12575993	12575993	0.744936	0.162607	0.985882	0.258824
Amp	 19	12738924	12738924	0.744936	0.162607	0.985882	0.258824
Amp	 19	12978717	12978717	0.744936	0.162607	0.985882	0.258824
Amp	 19	13882941	13882941	0.744936	0.162607	0.985882	0.258824
Amp	 19	14001241	14001241	0.744936	0.162607	0.985882	0.258824
Amp	 19	14910626	14910626	0.744936	0.162607	0.985882	0.258824
Amp	 19	15052422	15052422	0.744936	0.162607	0.985882	0.258824
Amp	 19	15166319	15166319	0.744936	0.162607	0.985882	0.258824
Amp	 19	18171942	18171942	0.744936	0.162607	0.985882	0.258824
Amp	 19	18254596	18254596	0.744936	0.162607	0.985882	0.258824
Amp	 19	18331728	18331728	0.744936	0.162607	0.985882	0.258824
Amp	 19	20307941	20307941	0.744936	0.162607	0.985882	0.258824
Amp	 19	20828540	20828540	0.744936	0.162607	0.985882	0.258824
Amp	 19	21131706	21131706	0.744936	0.162607	0.985882	0.258824
Amp	 19	21477025	21477025	0.744936	0.162607	0.985882	0.258824
Amp	 19	21990986	21990986	0.744936	0.162607	0.985882	0.258824
Amp	 19	22154426	22154426	0.744936	0.162607	0.985882	0.258824
Amp	 19	22155182	22155182	0.744936	0.162607	0.985882	0.258824
Amp	 19	22156658	22156658	0.744936	0.162607	0.985882	0.258824
Amp	 19	22363269	22363269	0.744936	0.162607	0.985882	0.258824
Amp	 19	22375868	22375868	0.744936	0.162607	0.985882	0.258824
Amp	 19	22941701	22941701	0.744936	0.162607	0.985882	0.258824
Amp	 19	24310259	24310259	0.744936	0.162607	0.985882	0.258824
Amp	 19	33424413	33424413	0.744936	0.162607	0.985882	0.258824
Amp	 19	33585125	33585125	0.744936	0.162607	0.985882	0.258824
Amp	 19	35719036	35719036	0.744936	0.162607	0.985882	0.258824
Amp	 19	36003565	36003565	0.744936	0.162607	0.985882	0.258824
Amp	 19	36104790	36104790	0.744936	0.162607	0.985882	0.258824
Amp	 19	37904679	37904679	0.744936	0.162607	0.985882	0.258824
Amp	 19	38103485	38103485	0.744936	0.162607	0.985882	0.258824
Amp	 19	39034472	39034472	0.744936	0.162607	0.985882	0.258824
Amp	 19	39058526	39058526	0.744936	0.162607	0.985882	0.258824
Amp	 19	39914024	39914024	0.744936	0.162607	0.985882	0.258824
Amp	 19	41510063	41510063	0.744936	0.162607	0.985882	0.258824
Amp	 19	41765628	41765628	0.744936	0.162607	0.985882	0.258824
Amp	 19	42260697	42260697	0.744936	0.162607	0.985882	0.258824
Amp	 19	42791519	42791519	0.744936	0.162607	0.985882	0.258824
Amp	 19	43023285	43023285	0.744936	0.162607	0.985882	0.258824
Amp	 19	43382088	43382088	0.744936	0.162607	0.985882	0.258824
Amp	 19	43382097	43382097	0.744936	0.162607	0.985882	0.258824
Amp	 19	43762470	43762470	0.744936	0.162607	0.985882	0.258824
Amp	 19	43965651	43965651	0.744936	0.162607	0.985882	0.258824
Amp	 19	44352333	44352333	0.744936	0.162607	0.985882	0.258824
Amp	 19	44777910	44777910	0.744936	0.162607	0.985882	0.258824
Amp	 19	44981148	44981148	0.744936	0.162607	0.985882	0.258824
Amp	 19	45853951	45853951	0.744936	0.162607	0.985882	0.258824
Amp	 19	45924503	45924503	0.744936	0.162607	0.985882	0.258824
Amp	 19	48607854	48607854	0.744936	0.162607	0.985882	0.258824
Amp	 19	49238718	49238718	0.744936	0.162607	0.985882	0.258824
Amp	 19	49340661	49340661	0.744936	0.162607	0.985882	0.258824
Amp	 19	49376675	49376675	0.744936	0.162607	0.985882	0.258824
Amp	 19	49956647	49956647	0.744936	0.162607	0.985882	0.258824
Amp	 19	50213608	50213608	0.744936	0.162607	0.985882	0.258824
Amp	 19	51170802	51170802	0.744936	0.162607	0.985882	0.258824
Amp	 19	51462481	51462481	0.744936	0.162607	0.985882	0.258824
Amp	 19	52376683	52376683	0.744936	0.162607	0.985882	0.258824
Amp	 19	52496386	52496386	0.744936	0.162607	0.985882	0.258824
Amp	 19	52568685	52568685	0.744936	0.162607	0.985882	0.258824
Amp	 19	52620220	52620220	0.744936	0.162607	0.985882	0.258824
Amp	 19	53058277	53058277	0.744936	0.162607	0.985882	0.258824
Amp	 19	53269648	53269648	0.744936	0.162607	0.985882	0.258824
Amp	 19	53793500	53793500	0.744936	0.162607	0.985882	0.258824
Amp	 19	53993908	53993908	0.744936	0.162607	0.985882	0.258824
Amp	 19	54327313	54327313	0.744936	0.162607	0.985882	0.258824
Amp	 19	54930435	54930435	0.744936	0.162607	0.985882	0.258824
Amp	 19	55331318	55331318	0.744936	0.162607	0.985882	0.258824
Amp	 19	57175326	57175326	0.744936	0.162607	0.985882	0.258824
Amp	 19	57955289	57955289	0.744936	0.162607	0.985882	0.258824
Amp	 19	58059286	58059286	0.744936	0.162607	0.985882	0.258824
Amp	 19	58420771	58420771	0.744936	0.162607	0.985882	0.258824
Amp	 19	58868799	58868799	0.744936	0.162607	0.985882	0.258824
Amp	 2	1459936	1459936	0.744936	0.162607	0.985882	0.258824
Amp	 2	1658259	1658259	0.744936	0.162607	0.985882	0.258824
Amp	 2	3729251	3729251	0.744936	0.162607	0.985882	0.258824
Amp	 2	8940534	8940534	0.744936	0.162607	0.985882	0.258824
Amp	 2	10188456	10188456	0.744936	0.162607	0.985882	0.258824
Amp	 2	12880499	12880499	0.744936	0.162607	0.985882	0.258824
Amp	 2	20402684	20402684	0.744936	0.162607	0.985882	0.258824
Amp	 2	21230885	21230885	0.744936	0.162607	0.985882	0.258824
Amp	 2	21235517	21235517	0.744936	0.162607	0.985882	0.258824
Amp	 2	23980470	23980470	0.744936	0.162607	0.985882	0.258824
Amp	 2	23980572	23980572	0.744936	0.162607	0.985882	0.258824
Amp	 2	24194160	24194160	0.744936	0.162607	0.985882	0.258824
Amp	 2	25965568	25965568	0.744936	0.162607	0.985882	0.258824
Amp	 2	25966471	25966471	0.744936	0.162607	0.985882	0.258824
Amp	 2	26540402	26540402	0.744936	0.162607	0.985882	0.258824
Amp	 2	26804238	26804238	0.744936	0.162607	0.985882	0.258824
Amp	 2	27601130	27601130	0.744936	0.162607	0.985882	0.258824
Amp	 2	27685650	27685650	0.744936	0.162607	0.985882	0.258824
Amp	 2	27799936	27799936	0.744936	0.162607	0.985882	0.258824
Amp	 2	28741376	28741376	0.744936	0.162607	0.985882	0.258824
Amp	 2	29226515	29226515	0.744936	0.162607	0.985882	0.258824
Amp	 2	29274730	29274730	0.744936	0.162607	0.985882	0.258824
Amp	 2	32740182	32740182	0.744936	0.162607	0.985882	0.258824
Amp	 2	37873084	37873084	0.744936	0.162607	0.985882	0.258824
Amp	 2	39095501	39095501	0.744936	0.162607	0.985882	0.258824
Amp	 2	42936057	42936057	0.744936	0.162607	0.985882	0.258824
Amp	 2	43520028	43520028	0.744936	0.162607	0.985882	0.258824
Amp	 2	43768317	43768317	0.744936	0.162607	0.985882	0.258824
Amp	 2	44539813	44539813	0.744936	0.162607	0.985882	0.258824
Amp	 2	48808125	48808125	0.744936	0.162607	0.985882	0.258824
Amp	 2	48808125	48808125	0.744936	0.162607	0.985882	0.258824
Amp	 2	48808713	48808713	0.744936	0.162607	0.985882	0.258824
Amp	 2	48808713	48808713	0.744936	0.162607	0.985882	0.258824
Amp	 2	48809385	48809385	0.744936	0.162607	0.985882	0.258824
Amp	 2	48809385	48809385	0.744936	0.162607	0.985882	0.258824
Amp	 2	54114446	54114446	0.744936	0.162607	0.985882	0.258824
Amp	 2	54859746	54859746	0.744936	0.162607	0.985882	0.258824
Amp	 2	55077329	55077329	0.744936	0.162607	0.985882	0.258824
Amp	 2	55489556	55489556	0.744936	0.162607	0.985882	0.258824
Amp	 2	63223812	63223812	0.744936	0.162607	0.985882	0.258824
Amp	 2	64193009	64193009	0.744936	0.162607	0.985882	0.258824
Amp	 2	71650501	71650501	0.744936	0.162607	0.985882	0.258824
Amp	 2	73315391	73315391	0.744936	0.162607	0.985882	0.258824
Amp	 2	73716786	73716786	0.744936	0.162607	0.985882	0.258824
Amp	 2	75185856	75185856	0.744936	0.162607	0.985882	0.258824
Amp	 2	85554760	85554760	0.744936	0.162607	0.985882	0.258824
Amp	 2	85890602	85890602	0.744936	0.162607	0.985882	0.258824
Amp	 2	86831237	86831237	0.744936	0.162607	0.985882	0.258824
Amp	 2	95815658	95815658	0.744936	0.162607	0.985882	0.258824
Amp	 2	97213229	97213229	0.744936	0.162607	0.985882	0.258824
Amp	 2	97830177	97830177	0.744936	0.162607	0.985882	0.258824
Amp	 2	97851230	97851230	0.744936	0.162607	0.985882	0.258824
Amp	 2	98834430	98834430	0.744936	0.162607	0.985882	0.258824
Amp	 2	99767026	99767026	0.744936	0.162607	0.985882	0.258824
Amp	 2	102957244	102957244	0.744936	0.162607	0.985882	0.258824
Amp	 2	103120040	103120040	0.744936	0.162607	0.985882	0.258824
Amp	 2	113082061	113082061	0.744936	0.162607	0.985882	0.258824
Amp	 2	113671378	113671378	0.744936	0.162607	0.985882	0.258824
Amp	 2	120438515	120438515	0.744936	0.162607	0.985882	0.258824
Amp	 2	132241725	132241725	0.744936	0.162607	0.985882	0.258824
Amp	 2	133540233	133540233	0.744936	0.162607	0.985882	0.258824
Amp	 2	141143563	141143563	0.744936	0.162607	0.985882	0.258824
Amp	 2	157332685	157332685	0.744936	0.162607	0.985882	0.258824
Amp	 2	162730490	162730490	0.744936	0.162607	0.985882	0.258824
Amp	 2	163137881	163137881	0.744936	0.162607	0.985882	0.258824
Amp	 2	166859010	166859010	0.744936	0.162607	0.985882	0.258824
Amp	 2	166911220	166911220	0.744936	0.162607	0.985882	0.258824
Amp	 2	169757864	169757864	0.744936	0.162607	0.985882	0.258824
Amp	 2	170103962	170103962	0.744936	0.162607	0.985882	0.258824
Amp	 2	178098752	178098752	0.744936	0.162607	0.985882	0.258824
Amp	 2	178981017	178981017	0.744936	0.162607	0.985882	0.258824
Amp	 2	179398509	179398509	0.744936	0.162607	0.985882	0.258824
Amp	 2	179458387	179458387	0.744936	0.162607	0.985882	0.258824
Amp	 2	179575986	179575986	0.744936	0.162607	0.985882	0.258824
Amp	 2	179593695	179593695	0.744936	0.162607	0.985882	0.258824
Amp	 2	179642592	179642592	0.744936	0.162607	0.985882	0.258824
Amp	 2	183584837	183584837	0.744936	0.162607	0.985882	0.258824
Amp	 2	184024310	184024310	0.744936	0.162607	0.985882	0.258824
Amp	 2	187521091	187521091	0.744936	0.162607	0.985882	0.258824
Amp	 2	189869038	189869038	0.744936	0.162607	0.985882	0.258824
Amp	 2	189872861	189872861	0.744936	0.162607	0.985882	0.258824
Amp	 2	196837033	196837033	0.744936	0.162607	0.985882	0.258824
Amp	 2	198953613	198953613	0.744936	0.162607	0.985882	0.258824
Amp	 2	200820862	200820862	0.744936	0.162607	0.985882	0.258824
Amp	 2	200828479	200828479	0.744936	0.162607	0.985882	0.258824
Amp	 2	202557686	202557686	0.744936	0.162607	0.985882	0.258824
Amp	 2	207615703	207615703	0.744936	0.162607	0.985882	0.258824
Amp	 2	210559728	210559728	0.744936	0.162607	0.985882	0.258824
Amp	 2	216236762	216236762	0.744936	0.162607	0.985882	0.258824
Amp	 2	216242918	216242918	0.744936	0.162607	0.985882	0.258824
Amp	 2	219339556	219339556	0.744936	0.162607	0.985882	0.258824
Amp	 2	219508216	219508216	0.744936	0.162607	0.985882	0.258824
Amp	 2	220072127	220072127	0.744936	0.162607	0.985882	0.258824
Amp	 2	223436603	223436603	0.744936	0.162607	0.985882	0.258824
Amp	 2	225750859	225750859	0.744936	0.162607	0.985882	0.258824
Amp	 2	227896687	227896687	0.744936	0.162607	0.985882	0.258824
Amp	 2	228153938	228153938	0.744936	0.162607	0.985882	0.258824
Amp	 2	228168602	228168602	0.744936	0.162607	0.985882	0.258824
Amp	 2	228846437	228846437	0.744936	0.162607	0.985882	0.258824
Amp	 2	230450624	230450624	0.744936	0.162607	0.985882	0.258824
Amp	 2	230667085	230667085	0.744936	0.162607	0.985882	0.258824
Amp	 2	231988327	231988327	0.744936	0.162607	0.985882	0.258824
Amp	 2	232321362	232321362	0.744936	0.162607	0.985882	0.258824
Amp	 2	234399862	234399862	0.744936	0.162607	0.985882	0.258824
Amp	 2	235951095	235951095	0.744936	0.162607	0.985882	0.258824
Amp	 2	238290085	238290085	0.744936	0.162607	0.985882	0.258824
Amp	 20	239757	239757	0.744936	0.162607	0.985882	0.258824
Amp	 20	3025116	3025116	0.744936	0.162607	0.985882	0.258824
Amp	 20	3128491	3128491	0.744936	0.162607	0.985882	0.258824
Amp	 20	3515938	3515938	0.744936	0.162607	0.985882	0.258824
Amp	 20	4680258	4680258	0.744936	0.162607	0.985882	0.258824
Amp	 20	7886911	7886911	0.744936	0.162607	0.985882	0.258824
Amp	 20	9520245	9520245	0.744936	0.162607	0.985882	0.258824
Amp	 20	16486771	16486771	0.744936	0.162607	0.985882	0.258824
Amp	 20	17581390	17581390	0.744936	0.162607	0.985882	0.258824
Amp	 20	18535813	18535813	0.744936	0.162607	0.985882	0.258824
Amp	 20	20150095	20150095	0.744936	0.162607	0.985882	0.258824
Amp	 20	31291851	31291851	0.744936	0.162607	0.985882	0.258824
Amp	 20	33706459	33706459	0.744936	0.162607	0.985882	0.258824
Amp	 20	35310964	35310964	0.744936	0.162607	0.985882	0.258824
Amp	 20	36999446	36999446	0.744936	0.162607	0.985882	0.258824
Amp	 20	37576568	37576568	0.744936	0.162607	0.985882	0.258824
Amp	 20	43940524	43940524	0.744936	0.162607	0.985882	0.258824
Amp	 20	45354472	45354472	0.744936	0.162607	0.985882	0.258824
Amp	 20	47691897	47691897	0.744936	0.162607	0.985882	0.258824
Amp	 20	47835942	47835942	0.744936	0.162607	0.985882	0.258824
Amp	 20	47841660	47841660	0.744936	0.162607	0.985882	0.258824
Amp	 20	56185231	56185231	0.744936	0.162607	0.985882	0.258824
Amp	 20	57782064	57782064	0.744936	0.162607	0.985882	0.258824
Amp	 20	61512038	61512038	0.744936	0.162607	0.985882	0.258824
Amp	 20	61945230	61945230	0.744936	0.162607	0.985882	0.258824
Amp	 20	62370000	62370000	0.744936	0.162607	0.985882	0.258824
Amp	 21	15524921	15524921	0.744936	0.162607	0.985882	0.258824
Amp	 21	19632568	19632568	0.744936	0.162607	0.985882	0.258824
Amp	 21	27269910	27269910	0.744936	0.162607	0.985882	0.258824
Amp	 21	28212313	28212313	0.744936	0.162607	0.985882	0.258824
Amp	 21	30400257	30400257	0.744936	0.162607	0.985882	0.258824
Amp	 21	31859600	31859600	0.744936	0.162607	0.985882	0.258824
Amp	 21	33785175	33785175	0.744936	0.162607	0.985882	0.258824
Amp	 21	34951831	34951831	0.744936	0.162607	0.985882	0.258824
Amp	 21	34975789	34975789	0.744936	0.162607	0.985882	0.258824
Amp	 21	40883671	40883671	0.744936	0.162607	0.985882	0.258824
Amp	 21	44151979	44151979	0.744936	0.162607	0.985882	0.258824
Amp	 21	48022261	48022261	0.744936	0.162607	0.985882	0.258824
Amp	 22	16449632	16449632	0.744936	0.162607	0.985882	0.258824
Amp	 22	17288641	17288641	0.744936	0.162607	0.985882	0.258824
Amp	 22	17449204	17449204	0.744936	0.162607	0.985882	0.258824
Amp	 22	17619044	17619044	0.744936	0.162607	0.985882	0.258824
Amp	 22	22300377	22300377	0.744936	0.162607	0.985882	0.258824
Amp	 22	24579157	24579157	0.744936	0.162607	0.985882	0.258824
Amp	 22	29656697	29656697	0.744936	0.162607	0.985882	0.258824
Amp	 22	30416164	30416164	0.744936	0.162607	0.985882	0.258824
Amp	 22	36123218	36123218	0.744936	0.162607	0.985882	0.258824
Amp	 22	36556752	36556752	0.744936	0.162607	0.985882	0.258824
Amp	 22	36595387	36595387	0.744936	0.162607	0.985882	0.258824
Amp	 22	37333790	37333790	0.744936	0.162607	0.985882	0.258824
Amp	 22	38206124	38206124	0.744936	0.162607	0.985882	0.258824
Amp	 22	38877416	38877416	0.744936	0.162607	0.985882	0.258824
Amp	 22	39483055	39483055	0.744936	0.162607	0.985882	0.258824
Amp	 22	40661502	40661502	0.744936	0.162607	0.985882	0.258824
Amp	 22	40807755	40807755	0.744936	0.162607	0.985882	0.258824
Amp	 22	41257628	41257628	0.744936	0.162607	0.985882	0.258824
Amp	 22	42154471	42154471	0.744936	0.162607	0.985882	0.258824
Amp	 22	43926729	43926729	0.744936	0.162607	0.985882	0.258824
Amp	 22	45689107	45689107	0.744936	0.162607	0.985882	0.258824
Amp	 22	50581601	50581601	0.744936	0.162607	0.985882	0.258824
Amp	 3	424178	424178	0.744936	0.162607	0.985882	0.258824
Amp	 3	9754751	9754751	0.744936	0.162607	0.985882	0.258824
Amp	 3	9798475	9798475	0.744936	0.162607	0.985882	0.258824
Amp	 3	9988683	9988683	0.744936	0.162607	0.985882	0.258824
Amp	 3	10127573	10127573	0.744936	0.162607	0.985882	0.258824
Amp	 3	13383282	13383282	0.744936	0.162607	0.985882	0.258824
Amp	 3	14709668	14709668	0.744936	0.162607	0.985882	0.258824
Amp	 3	15292709	15292709	0.744936	0.162607	0.985882	0.258824
Amp	 3	15762513	15762513	0.744936	0.162607	0.985882	0.258824
Amp	 3	19974927	19974927	0.744936	0.162607	0.985882	0.258824
Amp	 3	19975215	19975215	0.744936	0.162607	0.985882	0.258824
Amp	 3	19975443	19975443	0.744936	0.162607	0.985882	0.258824
Amp	 3	20042545	20042545	0.744936	0.162607	0.985882	0.258824
Amp	 3	33863462	33863462	0.744936	0.162607	0.985882	0.258824
Amp	 3	35770924	35770924	0.744936	0.162607	0.985882	0.258824
Amp	 3	37055940	37055940	0.744936	0.162607	0.985882	0.258824
Amp	 3	38565576	38565576	0.744936	0.162607	0.985882	0.258824
Amp	 3	38639356	38639356	0.744936	0.162607	0.985882	0.258824
Amp	 3	38793909	38793909	0.744936	0.162607	0.985882	0.258824
Amp	 3	39227860	39227860	0.744936	0.162607	0.985882	0.258824
Amp	 3	41266104	41266104	0.744936	0.162607	0.985882	0.258824
Amp	 3	44540797	44540797	0.744936	0.162607	0.985882	0.258824
Amp	 3	44635990	44635990	0.744936	0.162607	0.985882	0.258824
Amp	 3	46399398	46399398	0.744936	0.162607	0.985882	0.258824
Amp	 3	46415040	46415040	0.744936	0.162607	0.985882	0.258824
Amp	 3	48605278	48605278	0.744936	0.162607	0.985882	0.258824
Amp	 3	48630236	48630236	0.744936	0.162607	0.985882	0.258824
Amp	 3	48699685	48699685	0.744936	0.162607	0.985882	0.258824
Amp	 3	49060139	49060139	0.744936	0.162607	0.985882	0.258824
Amp	 3	49159190	49159190	0.744936	0.162607	0.985882	0.258824
Amp	 3	49163248	49163248	0.744936	0.162607	0.985882	0.258824
Amp	 3	49695616	49695616	0.744936	0.162607	0.985882	0.258824
Amp	 3	49700579	49700579	0.744936	0.162607	0.985882	0.258824
Amp	 3	49716324	49716324	0.744936	0.162607	0.985882	0.258824
Amp	 3	49950712	49950712	0.744936	0.162607	0.985882	0.258824
Amp	 3	50005118	50005118	0.744936	0.162607	0.985882	0.258824
Amp	 3	52867365	52867365	0.744936	0.162607	0.985882	0.258824
Amp	 3	52867365	52867365	0.744936	0.162607	0.985882	0.258824
Amp	 3	56653409	56653409	0.744936	0.162607	0.985882	0.258824
Amp	 3	57291321	57291321	0.744936	0.162607	0.985882	0.258824
Amp	 3	58410635	58410635	0.744936	0.162607	0.985882	0.258824
Amp	 3	63968020	63968020	0.744936	0.162607	0.985882	0.258824
Amp	 3	64627587	64627587	0.744936	0.162607	0.985882	0.258824
Amp	 3	93624882	93624882	0.744936	0.162607	0.985882	0.258824
Amp	 3	97852023	97852023	0.744936	0.162607	0.985882	0.258824
Amp	 3	99513134	99513134	0.744936	0.162607	0.985882	0.258824
Amp	 3	100018087	100018087	0.744936	0.162607	0.985882	0.258824
Amp	 3	100119504	100119504	0.744936	0.162607	0.985882	0.258824
Amp	 3	100605051	100605051	0.744936	0.162607	0.985882	0.258824
Amp	 3	108347956	108347956	0.744936	0.162607	0.985882	0.258824
Amp	 3	112218180	112218180	0.744936	0.162607	0.985882	0.258824
Amp	 3	113045300	113045300	0.744936	0.162607	0.985882	0.258824
Amp	 3	113311875	113311875	0.744936	0.162607	0.985882	0.258824
Amp	 3	119892193	119892193	0.744936	0.162607	0.985882	0.258824
Amp	 3	119900036	119900036	0.744936	0.162607	0.985882	0.258824
Amp	 3	120973808	120973808	0.744936	0.162607	0.985882	0.258824
Amp	 3	123457808	123457808	0.744936	0.162607	0.985882	0.258824
Amp	 3	124906262	124906262	0.744936	0.162607	0.985882	0.258824
Amp	 3	130409469	130409469	0.744936	0.162607	0.985882	0.258824
Amp	 3	131208887	131208887	0.744936	0.162607	0.985882	0.258824
Amp	 3	133496032	133496032	0.744936	0.162607	0.985882	0.258824
Amp	 3	135979352	135979352	0.744936	0.162607	0.985882	0.258824
Amp	 3	142185368	142185368	0.744936	0.162607	0.985882	0.258824
Amp	 3	142561806	142561806	0.744936	0.162607	0.985882	0.258824
Amp	 3	148558538	148558538	0.744936	0.162607	0.985882	0.258824
Amp	 3	148802515	148802515	0.744936	0.162607	0.985882	0.258824
Amp	 3	150285708	150285708	0.744936	0.162607	0.985882	0.258824
Amp	 3	151165643	151165643	0.744936	0.162607	0.985882	0.258824
Amp	 3	154886564	154886564	0.744936	0.162607	0.985882	0.258824
Amp	 3	158428700	158428700	0.744936	0.162607	0.985882	0.258824
Amp	 3	158519901	158519901	0.744936	0.162607	0.985882	0.258824
Amp	 3	164906055	164906055	0.744936	0.162607	0.985882	0.258824
Amp	 3	167247024	167247024	0.744936	0.162607	0.985882	0.258824
Amp	 3	169546677	169546677	0.744936	0.162607	0.985882	0.258824
Amp	 3	169644403	169644403	0.744936	0.162607	0.985882	0.258824
Amp	 3	171362739	171362739	0.744936	0.162607	0.985882	0.258824
Amp	 3	178928349	178928349	0.744936	0.162607	0.985882	0.258824
Amp	 3	180349294	180349294	0.744936	0.162607	0.985882	0.258824
Amp	 3	182841885	182841885	0.744936	0.162607	0.985882	0.258824
Amp	 3	184091252	184091252	0.744936	0.162607	0.985882	0.258824
Amp	 3	184953124	184953124	0.744936	0.162607	0.985882	0.258824
Amp	 3	189700903	189700903	0.744936	0.162607	0.985882	0.258824
Amp	 3	195015522	195015522	0.744936	0.162607	0.985882	0.258824
Amp	 3	196449372	196449372	0.744936	0.162607	0.985882	0.258824
Amp	 4	264961	264961	0.744936	0.162607	0.985882	0.258824
Amp	 4	1729911	1729911	0.744936	0.162607	0.985882	0.258824
Amp	 4	3319255	3319255	0.744936	0.162607	0.985882	0.258824
Amp	 4	3424233	3424233	0.744936	0.162607	0.985882	0.258824
Amp	 4	3495200	3495200	0.744936	0.162607	0.985882	0.258824
Amp	 4	4861991	4861991	0.744936	0.162607	0.985882	0.258824
Amp	 4	7435852	7435852	0.744936	0.162607	0.985882	0.258824
Amp	 4	9987343	9987343	0.744936	0.162607	0.985882	0.258824
Amp	 4	38799203	38799203	0.744936	0.162607	0.985882	0.258824
Amp	 4	44624501	44624501	0.744936	0.162607	0.985882	0.258824
Amp	 4	46043129	46043129	0.744936	0.162607	0.985882	0.258824
Amp	 4	47593082	47593082	0.744936	0.162607	0.985882	0.258824
Amp	 4	48852072	48852072	0.744936	0.162607	0.985882	0.258824
Amp	 4	49063834	49063834	0.744936	0.162607	0.985882	0.258824
Amp	 4	52862211	52862211	0.744936	0.162607	0.985882	0.258824
Amp	 4	54218924	54218924	0.744936	0.162607	0.985882	0.258824
Amp	 4	54232071	54232071	0.744936	0.162607	0.985882	0.258824
Amp	 4	55138612	55138612	0.744936	0.162607	0.985882	0.258824
Amp	 4	55593628	55593628	0.744936	0.162607	0.985882	0.258824
Amp	 4	69094491	69094491	0.744936	0.162607	0.985882	0.258824
Amp	 4	70066333	70066333	0.744936	0.162607	0.985882	0.258824
Amp	 4	70079884	70079884	0.744936	0.162607	0.985882	0.258824
Amp	 4	71255408	71255408	0.744936	0.162607	0.985882	0.258824
Amp	 4	71468348	71468348	0.744936	0.162607	0.985882	0.258824
Amp	 4	77357309	77357309	0.744936	0.162607	0.985882	0.258824
Amp	 4	79832181	79832181	0.744936	0.162607	0.985882	0.258824
Amp	 4	83763604	83763604	0.744936	0.162607	0.985882	0.258824
Amp	 4	84525829	84525829	0.744936	0.162607	0.985882	0.258824
Amp	 4	88085126	88085126	0.744936	0.162607	0.985882	0.258824
Amp	 4	88312083	88312083	0.744936	0.162607	0.985882	0.258824
Amp	 4	88535112	88535112	0.744936	0.162607	0.985882	0.258824
Amp	 4	89425665	89425665	0.744936	0.162607	0.985882	0.258824
Amp	 4	89443139	89443139	0.744936	0.162607	0.985882	0.258824
Amp	 4	90874160	90874160	0.744936	0.162607	0.985882	0.258824
Amp	 4	100057663	100057663	0.744936	0.162607	0.985882	0.258824
Amp	 4	103947738	103947738	0.744936	0.162607	0.985882	0.258824
Amp	 4	103970062	103970062	0.744936	0.162607	0.985882	0.258824
Amp	 4	110605609	110605609	0.744936	0.162607	0.985882	0.258824
Amp	 4	113505305	113505305	0.744936	0.162607	0.985882	0.258824
Amp	 4	114275800	114275800	0.744936	0.162607	0.985882	0.258824
Amp	 4	119203167	119203167	0.744936	0.162607	0.985882	0.258824
Amp	 4	119978665	119978665	0.744936	0.162607	0.985882	0.258824
Amp	 4	122261669	122261669	0.744936	0.162607	0.985882	0.258824
Amp	 4	123165134	123165134	0.744936	0.162607	0.985882	0.258824
Amp	 4	123855642	123855642	0.744936	0.162607	0.985882	0.258824
Amp	 4	125631242	125631242	0.744936	0.162607	0.985882	0.258824
Amp	 4	140454452	140454452	0.744936	0.162607	0.985882	0.258824
Amp	 4	145580038	145580038	0.744936	0.162607	0.985882	0.258824
Amp	 4	151604727	151604727	0.744936	0.162607	0.985882	0.258824
Amp	 4	155510677	155510677	0.744936	0.162607	0.985882	0.258824
Amp	 4	156283244	156283244	0.744936	0.162607	0.985882	0.258824
Amp	 4	158257794	158257794	0.744936	0.162607	0.985882	0.258824
Amp	 4	159138536	159138536	0.744936	0.162607	0.985882	0.258824
Amp	 4	160268079	160268079	0.744936	0.162607	0.985882	0.258824
Amp	 4	164394321	164394321	0.744936	0.162607	0.985882	0.258824
Amp	 4	166234420	166234420	0.744936	0.162607	0.985882	0.258824
Amp	 4	169362625	169362625	0.744936	0.162607	0.985882	0.258824
Amp	 4	170384507	170384507	0.744936	0.162607	0.985882	0.258824
Amp	 4	170400672	170400672	0.744936	0.162607	0.985882	0.258824
Amp	 4	187527246	187527246	0.744936	0.162607	0.985882	0.258824
Amp	 5	1232469	1232469	0.744936	0.162607	0.985882	0.258824
Amp	 5	1244479	1244479	0.744936	0.162607	0.985882	0.258824
Amp	 5	5187860	5187860	0.744936	0.162607	0.985882	0.258824
Amp	 5	5232494	5232494	0.744936	0.162607	0.985882	0.258824
Amp	 5	19483451	19483451	0.744936	0.162607	0.985882	0.258824
Amp	 5	33964115	33964115	0.744936	0.162607	0.985882	0.258824
Amp	 5	35861020	35861020	0.744936	0.162607	0.985882	0.258824
Amp	 5	36984877	36984877	0.744936	0.162607	0.985882	0.258824
Amp	 5	39021187	39021187	0.744936	0.162607	0.985882	0.258824
Amp	 5	39202971	39202971	0.744936	0.162607	0.985882	0.258824
Amp	 5	42689094	42689094	0.744936	0.162607	0.985882	0.258824
Amp	 5	43277345	43277345	0.744936	0.162607	0.985882	0.258824
Amp	 5	44388594	44388594	0.744936	0.162607	0.985882	0.258824
Amp	 5	50084402	50084402	0.744936	0.162607	0.985882	0.258824
Amp	 5	52379231	52379231	0.744936	0.162607	0.985882	0.258824
Amp	 5	55075873	55075873	0.744936	0.162607	0.985882	0.258824
Amp	 5	55081167	55081167	0.744936	0.162607	0.985882	0.258824
Amp	 5	65058904	65058904	0.744936	0.162607	0.985882	0.258824
Amp	 5	66461807	66461807	0.744936	0.162607	0.985882	0.258824
Amp	 5	66479037	66479037	0.744936	0.162607	0.985882	0.258824
Amp	 5	68411883	68411883	0.744936	0.162607	0.985882	0.258824
Amp	 5	68684865	68684865	0.744936	0.162607	0.985882	0.258824
Amp	 5	71491620	71491620	0.744936	0.162607	0.985882	0.258824
Amp	 5	75001567	75001567	0.744936	0.162607	0.985882	0.258824
Amp	 5	75960930	75960930	0.744936	0.162607	0.985882	0.258824
Amp	 5	79617074	79617074	0.744936	0.162607	0.985882	0.258824
Amp	 5	82491752	82491752	0.744936	0.162607	0.985882	0.258824
Amp	 5	89979764	89979764	0.744936	0.162607	0.985882	0.258824
Amp	 5	94245016	94245016	0.744936	0.162607	0.985882	0.258824
Amp	 5	95297367	95297367	0.744936	0.162607	0.985882	0.258824
Amp	 5	96513522	96513522	0.744936	0.162607	0.985882	0.258824
Amp	 5	101585406	101585406	0.744936	0.162607	0.985882	0.258824
Amp	 5	102364597	102364597	0.744936	0.162607	0.985882	0.258824
Amp	 5	108714664	108714664	0.744936	0.162607	0.985882	0.258824
Amp	 5	112102916	112102916	0.744936	0.162607	0.985882	0.258824
Amp	 5	112177851	112177851	0.744936	0.162607	0.985882	0.258824
Amp	 5	115338570	115338570	0.744936	0.162607	0.985882	0.258824
Amp	 5	125918566	125918566	0.744936	0.162607	0.985882	0.258824
Amp	 5	130815338	130815338	0.744936	0.162607	0.985882	0.258824
Amp	 5	130815338	130815338	0.744936	0.162607	0.985882	0.258824
Amp	 5	137904649	137904649	0.744936	0.162607	0.985882	0.258824
Amp	 5	138723506	138723506	0.744936	0.162607	0.985882	0.258824
Amp	 5	140221679	140221679	0.744936	0.162607	0.985882	0.258824
Amp	 5	140230422	140230422	0.744936	0.162607	0.985882	0.258824
Amp	 5	140236118	140236118	0.744936	0.162607	0.985882	0.258824
Amp	 5	140389344	140389344	0.744936	0.162607	0.985882	0.258824
Amp	 5	140389344	140389344	0.744936	0.162607	0.985882	0.258824
Amp	 5	140389344	140389344	0.744936	0.162607	0.985882	0.258824
Amp	 5	140389344	140389344	0.744936	0.162607	0.985882	0.258824
Amp	 5	140389344	140389344	0.744936	0.162607	0.985882	0.258824
Amp	 5	140389344	140389344	0.744936	0.162607	0.985882	0.258824
Amp	 5	140389344	140389344	0.744936	0.162607	0.985882	0.258824
Amp	 5	140389344	140389344	0.744936	0.162607	0.985882	0.258824
Amp	 5	140389344	140389344	0.744936	0.162607	0.985882	0.258824
Amp	 5	140389344	140389344	0.744936	0.162607	0.985882	0.258824
Amp	 5	140389344	140389344	0.744936	0.162607	0.985882	0.258824
Amp	 5	140389344	140389344	0.744936	0.162607	0.985882	0.258824
Amp	 5	140389344	140389344	0.744936	0.162607	0.985882	0.258824
Amp	 5	140389344	140389344	0.744936	0.162607	0.985882	0.258824
Amp	 5	140389344	140389344	0.744936	0.162607	0.985882	0.258824
Amp	 5	140559888	140559888	0.744936	0.162607	0.985882	0.258824
Amp	 5	140579412	140579412	0.744936	0.162607	0.985882	0.258824
Amp	 5	140589294	140589294	0.744936	0.162607	0.985882	0.258824
Amp	 5	140741651	140741651	0.744936	0.162607	0.985882	0.258824
Amp	 5	140754261	140754261	0.744936	0.162607	0.985882	0.258824
Amp	 5	140763362	140763362	0.744936	0.162607	0.985882	0.258824
Amp	 5	142693674	142693674	0.744936	0.162607	0.985882	0.258824
Amp	 5	145477811	145477811	0.744936	0.162607	0.985882	0.258824
Amp	 5	145529246	145529246	0.744936	0.162607	0.985882	0.258824
Amp	 5	146080669	146080669	0.744936	0.162607	0.985882	0.258824
Amp	 5	148388560	148388560	0.744936	0.162607	0.985882	0.258824
Amp	 5	149361189	149361189	0.744936	0.162607	0.985882	0.258824
Amp	 5	157161705	157161705	0.744936	0.162607	0.985882	0.258824
Amp	 5	172513517	172513517	0.744936	0.162607	0.985882	0.258824
Amp	 5	173317314	173317314	0.744936	0.162607	0.985882	0.258824
Amp	 5	175811250	175811250	0.744936	0.162607	0.985882	0.258824
Amp	 5	176932089	176932089	0.744936	0.162607	0.985882	0.258824
Amp	 5	177580501	177580501	0.744936	0.162607	0.985882	0.258824
Amp	 5	179193174	179193174	0.744936	0.162607	0.985882	0.258824
Amp	 5	179306070	179306070	0.744936	0.162607	0.985882	0.258824
Amp	 5	180666074	180666074	0.744936	0.162607	0.985882	0.258824
Amp	 6	3264449	3264449	0.744936	0.162607	0.985882	0.258824
Amp	 6	4074822	4074822	0.744936	0.162607	0.985882	0.258824
Amp	 6	7886224	7886224	0.744936	0.162607	0.985882	0.258824
Amp	 6	11105143	11105143	0.744936	0.162607	0.985882	0.258824
Amp	 6	11213857	11213857	0.744936	0.162607	0.985882	0.258824
Amp	 6	15637979	15637979	0.744936	0.162607	0.985882	0.258824
Amp	 6	16290837	16290837	0.744936	0.162607	0.985882	0.258824
Amp	 6	24358067	24358067	0.744936	0.162607	0.985882	0.258824
Amp	 6	24437406	24437406	0.744936	0.162607	0.985882	0.258824
Amp	 6	25581567	25581567	0.744936	0.162607	0.985882	0.258824
Amp	 6	26189219	26189219	0.744936	0.162607	0.985882	0.258824
Amp	 6	26409839	26409839	0.744936	0.162607	0.985882	0.258824
Amp	 6	29012867	29012867	0.744936	0.162607	0.985882	0.258824
Amp	 6	29342880	29342880	0.744936	0.162607	0.985882	0.258824
Amp	 6	29912337	29912337	0.744936	0.162607	0.985882	0.258824
Amp	 6	30457319	30457319	0.744936	0.162607	0.985882	0.258824
Amp	 6	30571313	30571313	0.744936	0.162607	0.985882	0.258824
Amp	 6	31105900	31105900	0.744936	0.162607	0.985882	0.258824
Amp	 6	31138099	31138099	0.744936	0.162607	0.985882	0.258824
Amp	 6	31239594	31239594	0.744936	0.162607	0.985882	0.258824
Amp	 6	31322925	31322925	0.744936	0.162607	0.985882	0.258824
Amp	 6	31922159	31922159	0.744936	0.162607	0.985882	0.258824
Amp	 6	32372745	32372745	0.744936	0.162607	0.985882	0.258824
Amp	 6	32609165	32609165	0.744936	0.162607	0.985882	0.258824
Amp	 6	32713128	32713128	0.744936	0.162607	0.985882	0.258824
Amp	 6	32805832	32805832	0.744936	0.162607	0.985882	0.258824
Amp	 6	32805832	32805832	0.744936	0.162607	0.985882	0.258824
Amp	 6	33048467	33048467	0.744936	0.162607	0.985882	0.258824
Amp	 6	33261239	33261239	0.744936	0.162607	0.985882	0.258824
Amp	 6	33371878	33371878	0.744936	0.162607	0.985882	0.258824
Amp	 6	35196481	35196481	0.744936	0.162607	0.985882	0.258824
Amp	 6	35762999	35762999	0.744936	0.162607	0.985882	0.258824
Amp	 6	36270088	36270088	0.744936	0.162607	0.985882	0.258824
Amp	 6	38866104	38866104	0.744936	0.162607	0.985882	0.258824
Amp	 6	41039342	41039342	0.744936	0.162607	0.985882	0.258824
Amp	 6	42930584	42930584	0.744936	0.162607	0.985882	0.258824
Amp	 6	43008079	43008079	0.744936	0.162607	0.985882	0.258824
Amp	 6	43305371	43305371	0.744936	0.162607	0.985882	0.258824
Amp	 6	44278169	44278169	0.744936	0.162607	0.985882	0.258824
Amp	 6	44361248	44361248	0.744936	0.162607	0.985882	0.258824
Amp	 6	46630205	46630205	0.744936	0.162607	0.985882	0.258824
Amp	 6	46826614	46826614	0.744936	0.162607	0.985882	0.258824
Amp	 6	47650286	47650286	0.744936	0.162607	0.985882	0.258824
Amp	 6	49666088	49666088	0.744936	0.162607	0.985882	0.258824
Amp	 6	50791184	50791184	0.744936	0.162607	0.985882	0.258824
Amp	 6	52661109	52661109	0.744936	0.162607	0.985882	0.258824
Amp	 6	55147107	55147107	0.744936	0.162607	0.985882	0.258824
Amp	 6	57061311	57061311	0.744936	0.162607	0.985882	0.258824
Amp	 6	64394642	64394642	0.744936	0.162607	0.985882	0.258824
Amp	 6	74345214	74345214	0.744936	0.162607	0.985882	0.258824
Amp	 6	83861720	83861720	0.744936	0.162607	0.985882	0.258824
Amp	 6	86284055	86284055	0.744936	0.162607	0.985882	0.258824
Amp	 6	87964846	87964846	0.744936	0.162607	0.985882	0.258824
Amp	 6	89888679	89888679	0.744936	0.162607	0.985882	0.258824
Amp	 6	90052116	90052116	0.744936	0.162607	0.985882	0.258824
Amp	 6	90660350	90660350	0.744936	0.162607	0.985882	0.258824
Amp	 6	106969306	106969306	0.744936	0.162607	0.985882	0.258824
Amp	 6	107955784	107955784	0.744936	0.162607	0.985882	0.258824
Amp	 6	109854605	109854605	0.744936	0.162607	0.985882	0.258824
Amp	 6	112438956	112438956	0.744936	0.162607	0.985882	0.258824
Amp	 6	116757355	116757355	0.744936	0.162607	0.985882	0.258824
Amp	 6	117114275	117114275	0.744936	0.162607	0.985882	0.258824
Amp	 6	117706859	117706859	0.744936	0.162607	0.985882	0.258824
Amp	 6	117725504	117725504	0.744936	0.162607	0.985882	0.258824
Amp	 6	125402621	125402621	0.744936	0.162607	0.985882	0.258824
Amp	 6	131902466	131902466	0.744936	0.162607	0.985882	0.258824
Amp	 6	132873887	132873887	0.744936	0.162607	0.985882	0.258824
Amp	 6	132874277	132874277	0.744936	0.162607	0.985882	0.258824
Amp	 6	133097543	133097543	0.744936	0.162607	0.985882	0.258824
Amp	 6	133834093	133834093	0.744936	0.162607	0.985882	0.258824
Amp	 6	136552522	136552522	0.744936	0.162607	0.985882	0.258824
Amp	 6	138734028	138734028	0.744936	0.162607	0.985882	0.258824
Amp	 6	144093589	144093589	0.744936	0.162607	0.985882	0.258824
Amp	 6	146755454	146755454	0.744936	0.162607	0.985882	0.258824
Amp	 6	147085115	147085115	0.744936	0.162607	0.985882	0.258824
Amp	 6	151208996	151208996	0.744936	0.162607	0.985882	0.258824
Amp	 6	151258068	151258068	0.744936	0.162607	0.985882	0.258824
Amp	 6	151671634	151671634	0.744936	0.162607	0.985882	0.258824
Amp	 6	152501311	152501311	0.744936	0.162607	0.985882	0.258824
Amp	 6	155632404	155632404	0.744936	0.162607	0.985882	0.258824
Amp	 6	157454333	157454333	0.744936	0.162607	0.985882	0.258824
Amp	 6	160197278	160197278	0.744936	0.162607	0.985882	0.258824
Amp	 6	163483279	163483279	0.744936	0.162607	0.985882	0.258824
Amp	 6	168265247	168265247	0.744936	0.162607	0.985882	0.258824
Amp	 6	170062481	170062481	0.744936	0.162607	0.985882	0.258824
Amp	 7	6057611	6057611	0.744936	0.162607	0.985882	0.258824
Amp	 7	7493093	7493093	0.744936	0.162607	0.985882	0.258824
Amp	 7	7530225	7530225	0.744936	0.162607	0.985882	0.258824
Amp	 7	21584742	21584742	0.744936	0.162607	0.985882	0.258824
Amp	 7	21721201	21721201	0.744936	0.162607	0.985882	0.258824
Amp	 7	21906137	21906137	0.744936	0.162607	0.985882	0.258824
Amp	 7	26225390	26225390	0.744936	0.162607	0.985882	0.258824
Amp	 7	31617759	31617759	0.744936	0.162607	0.985882	0.258824
Amp	 7	31682336	31682336	0.744936	0.162607	0.985882	0.258824
Amp	 7	40132549	40132549	0.744936	0.162607	0.985882	0.258824
Amp	 7	42004964	42004964	0.744936	0.162607	0.985882	0.258824
Amp	 7	42949541	42949541	0.744936	0.162607	0.985882	0.258824
Amp	 7	42974614	42974614	0.744936	0.162607	0.985882	0.258824
Amp	 7	48313213	48313213	0.744936	0.162607	0.985882	0.258824
Amp	 7	50514276	50514276	0.744936	0.162607	0.985882	0.258824
Amp	 7	53103927	53103927	0.744936	0.162607	0.985882	0.258824
Amp	 7	55233043	55233043	0.744936	0.162607	0.985882	0.258824
Amp	 7	55914236	55914236	0.744936	0.162607	0.985882	0.258824
Amp	 7	64168493	64168493	0.744936	0.162607	0.985882	0.258824
Amp	 7	70255639	70255639	0.744936	0.162607	0.985882	0.258824
Amp	 7	72988804	72988804	0.744936	0.162607	0.985882	0.258824
Amp	 7	73279450	73279450	0.744936	0.162607	0.985882	0.258824
Amp	 7	73442552	73442552	0.744936	0.162607	0.985882	0.258824
Amp	 7	73449730	73449730	0.744936	0.162607	0.985882	0.258824
Amp	 7	73511080	73511080	0.744936	0.162607	0.985882	0.258824
Amp	 7	80302093	80302093	0.744936	0.162607	0.985882	0.258824
Amp	 7	82579624	82579624	0.744936	0.162607	0.985882	0.258824
Amp	 7	82581261	82581261	0.744936	0.162607	0.985882	0.258824
Amp	 7	83590955	83590955	0.744936	0.162607	0.985882	0.258824
Amp	 7	86548611	86548611	0.744936	0.162607	0.985882	0.258824
Amp	 7	87195534	87195534	0.744936	0.162607	0.985882	0.258824
Amp	 7	87483601	87483601	0.744936	0.162607	0.985882	0.258824
Amp	 7	91503197	91503197	0.744936	0.162607	0.985882	0.258824
Amp	 7	91736661	91736661	0.744936	0.162607	0.985882	0.258824
Amp	 7	91867034	91867034	0.744936	0.162607	0.985882	0.258824
Amp	 7	92099562	92099562	0.744936	0.162607	0.985882	0.258824
Amp	 7	93516710	93516710	0.744936	0.162607	0.985882	0.258824
Amp	 7	94035590	94035590	0.744936	0.162607	0.985882	0.258824
Amp	 7	94038725	94038725	0.744936	0.162607	0.985882	0.258824
Amp	 7	94039805	94039805	0.744936	0.162607	0.985882	0.258824
Amp	 7	94040229	94040229	0.744936	0.162607	0.985882	0.258824
Amp	 7	94041942	94041942	0.744936	0.162607	0.985882	0.258824
Amp	 7	94285361	94285361	0.744936	0.162607	0.985882	0.258824
Amp	 7	100638895	100638895	0.744936	0.162607	0.985882	0.258824
Amp	 7	106836422	106836422	0.744936	0.162607	0.985882	0.258824
Amp	 7	107002862	107002862	0.744936	0.162607	0.985882	0.258824
Amp	 7	107315415	107315415	0.744936	0.162607	0.985882	0.258824
Amp	 7	107599850	107599850	0.744936	0.162607	0.985882	0.258824
Amp	 7	107605085	107605085	0.744936	0.162607	0.985882	0.258824
Amp	 7	107684274	107684274	0.744936	0.162607	0.985882	0.258824
Amp	 7	107732084	107732084	0.744936	0.162607	0.985882	0.258824
Amp	 7	108213790	108213790	0.744936	0.162607	0.985882	0.258824
Amp	 7	117149177	117149177	0.744936	0.162607	0.985882	0.258824
Amp	 7	117188858	117188858	0.744936	0.162607	0.985882	0.258824
Amp	 7	117230454	117230454	0.744936	0.162607	0.985882	0.258824
Amp	 7	117282505	117282505	0.744936	0.162607	0.985882	0.258824
Amp	 7	117292915	117292915	0.744936	0.162607	0.985882	0.258824
Amp	 7	121682667	121682667	0.744936	0.162607	0.985882	0.258824
Amp	 7	123277013	123277013	0.744936	0.162607	0.985882	0.258824
Amp	 7	123594244	123594244	0.744936	0.162607	0.985882	0.258824
Amp	 7	124404348	124404348	0.744936	0.162607	0.985882	0.258824
Amp	 7	131191376	131191376	0.744936	0.162607	0.985882	0.258824
Amp	 7	138556087	138556087	0.744936	0.162607	0.985882	0.258824
Amp	 7	140179101	140179101	0.744936	0.162607	0.985882	0.258824
Amp	 7	140481402	140481402	0.744936	0.162607	0.985882	0.258824
Amp	 7	140481411	140481411	0.744936	0.162607	0.985882	0.258824
Amp	 7	140481417	140481417	0.744936	0.162607	0.985882	0.258824
Amp	 7	141429369	141429369	0.744936	0.162607	0.985882	0.258824
Amp	 7	141794551	141794551	0.744936	0.162607	0.985882	0.258824
Amp	 7	143053914	143053914	0.744936	0.162607	0.985882	0.258824
Amp	 7	143633023	143633023	0.744936	0.162607	0.985882	0.258824
Amp	 7	148910889	148910889	0.744936	0.162607	0.985882	0.258824
Amp	 7	149561225	149561225	0.744936	0.162607	0.985882	0.258824
Amp	 7	151700021	151700021	0.744936	0.162607	0.985882	0.258824
Amp	 7	157159250	157159250	0.744936	0.162607	0.985882	0.258824
Amp	 8	196121	196121	0.744936	0.162607	0.985882	0.258824
Amp	 8	401350	401350	0.744936	0.162607	0.985882	0.258824
Amp	 8	3889564	3889564	0.744936	0.162607	0.985882	0.258824
Amp	 8	8185428	8185428	0.744936	0.162607	0.985882	0.258824
Amp	 8	8749253	8749253	0.744936	0.162607	0.985882	0.258824
Amp	 8	8887348	8887348	0.744936	0.162607	0.985882	0.258824
Amp	 8	10383205	10383205	0.744936	0.162607	0.985882	0.258824
Amp	 8	10467673	10467673	0.744936	0.162607	0.985882	0.258824
Amp	 8	11705259	11705259	0.744936	0.162607	0.985882	0.258824
Amp	 8	12879222	12879222	0.744936	0.162607	0.985882	0.258824
Amp	 8	13356721	13356721	0.744936	0.162607	0.985882	0.258824
Amp	 8	16021666	16021666	0.744936	0.162607	0.985882	0.258824
Amp	 8	17820758	17820758	0.744936	0.162607	0.985882	0.258824
Amp	 8	18725523	18725523	0.744936	0.162607	0.985882	0.258824
Amp	 8	19190496	19190496	0.744936	0.162607	0.985882	0.258824
Amp	 8	19277973	19277973	0.744936	0.162607	0.985882	0.258824
Amp	 8	22432207	22432207	0.744936	0.162607	0.985882	0.258824
Amp	 8	23004525	23004525	0.744936	0.162607	0.985882	0.258824
Amp	 8	24350065	24350065	0.744936	0.162607	0.985882	0.258824
Amp	 8	24358351	24358351	0.744936	0.162607	0.985882	0.258824
Amp	 8	24359025	24359025	0.744936	0.162607	0.985882	0.258824
Amp	 8	25360923	25360923	0.744936	0.162607	0.985882	0.258824
Amp	 8	28420338	28420338	0.744936	0.162607	0.985882	0.258824
Amp	 8	29990075	29990075	0.744936	0.162607	0.985882	0.258824
Amp	 8	30537113	30537113	0.744936	0.162607	0.985882	0.258824
Amp	 8	30938661	30938661	0.744936	0.162607	0.985882	0.258824
Amp	 8	37672464	37672464	0.744936	0.162607	0.985882	0.258824
Amp	 8	37793312	37793312	0.744936	0.162607	0.985882	0.258824
Amp	 8	52232512	52232512	0.744936	0.162607	0.985882	0.258824
Amp	 8	55372302	55372302	0.744936	0.162607	0.985882	0.258824
Amp	 8	55538805	55538805	0.744936	0.162607	0.985882	0.258824
Amp	 8	59764186	59764186	0.744936	0.162607	0.985882	0.258824
Amp	 8	61765730	61765730	0.744936	0.162607	0.985882	0.258824
Amp	 8	65509278	65509278	0.744936	0.162607	0.985882	0.258824
Amp	 8	66989035	66989035	0.744936	0.162607	0.985882	0.258824
Amp	 8	68396936	68396936	0.744936	0.162607	0.985882	0.258824
Amp	 8	75761424	75761424	0.744936	0.162607	0.985882	0.258824
Amp	 8	77767262	77767262	0.744936	0.162607	0.985882	0.258824
Amp	 8	77775804	77775804	0.744936	0.162607	0.985882	0.258824
Amp	 8	87076621	87076621	0.744936	0.162607	0.985882	0.258824
Amp	 8	95178096	95178096	0.744936	0.162607	0.985882	0.258824
Amp	 8	95511660	95511660	0.744936	0.162607	0.985882	0.258824
Amp	 8	97270749	97270749	0.744936	0.162607	0.985882	0.258824
Amp	 8	104390385	104390385	0.744936	0.162607	0.985882	0.258824
Amp	 8	105367247	105367247	0.744936	0.162607	0.985882	0.258824
Amp	 8	110450593	110450593	0.744936	0.162607	0.985882	0.258824
Amp	 8	110509253	110509253	0.744936	0.162607	0.985882	0.258824
Amp	 8	124027799	124027799	0.744936	0.162607	0.985882	0.258824
Amp	 8	124358918	124358918	0.744936	0.162607	0.985882	0.258824
Amp	 8	125072802	125072802	0.744936	0.162607	0.985882	0.258824
Amp	 8	139603708	139603708	0.744936	0.162607	0.985882	0.258824
Amp	 8	139749801	139749801	0.744936	0.162607	0.985882	0.258824
Amp	 8	142202466	142202466	0.744936	0.162607	0.985882	0.258824
Amp	 8	144654805	144654805	0.744936	0.162607	0.985882	0.258824
Amp	 8	145158466	145158466	0.744936	0.162607	0.985882	0.258824
Amp	 9	215287	215287	0.744936	0.162607	0.985882	0.258824
Amp	 9	328068	328068	0.744936	0.162607	0.985882	0.258824
Amp	 9	730096	730096	0.744936	0.162607	0.985882	0.258824
Amp	 9	990578	990578	0.744936	0.162607	0.985882	0.258824
Amp	 9	2804365	2804365	0.744936	0.162607	0.985882	0.258824
Amp	 9	8341727	8341727	0.744936	0.162607	0.985882	0.258824
Amp	 9	15469974	15469974	0.744936	0.162607	0.985882	0.258824
Amp	 9	21141238	21141238	0.744936	0.162607	0.985882	0.258824
Amp	 9	23705011	23705011	0.744936	0.162607	0.985882	0.258824
Amp	 9	32543144	32543144	0.744936	0.162607	0.985882	0.258824
Amp	 9	34256465	34256465	0.744936	0.162607	0.985882	0.258824
Amp	 9	34257833	34257833	0.744936	0.162607	0.985882	0.258824
Amp	 9	37126916	37126916	0.744936	0.162607	0.985882	0.258824
Amp	 9	39078429	39078429	0.744936	0.162607	0.985882	0.258824
Amp	 9	39176076	39176076	0.744936	0.162607	0.985882	0.258824
Amp	 9	40774052	40774052	0.744936	0.162607	0.985882	0.258824
Amp	 9	71628935	71628935	0.744936	0.162607	0.985882	0.258824
Amp	 9	74329886	74329886	0.744936	0.162607	0.985882	0.258824
Amp	 9	74671106	74671106	0.744936	0.162607	0.985882	0.258824
Amp	 9	75407264	75407264	0.744936	0.162607	0.985882	0.258824
Amp	 9	77257600	77257600	0.744936	0.162607	0.985882	0.258824
Amp	 9	86518693	86518693	0.744936	0.162607	0.985882	0.258824
Amp	 9	95179716	95179716	0.744936	0.162607	0.985882	0.258824
Amp	 9	97216274	97216274	0.744936	0.162607	0.985882	0.258824
Amp	 9	99227657	99227657	0.744936	0.162607	0.985882	0.258824
Amp	 9	104433234	104433234	0.744936	0.162607	0.985882	0.258824
Amp	 9	117819686	117819686	0.744936	0.162607	0.985882	0.258824
Amp	 9	120475434	120475434	0.744936	0.162607	0.985882	0.258824
Amp	 9	123789502	123789502	0.744936	0.162607	0.985882	0.258824
Amp	 9	125639792	125639792	0.744936	0.162607	0.985882	0.258824
Amp	 9	127572282	127572282	0.744936	0.162607	0.985882	0.258824
Amp	 9	131296206	131296206	0.744936	0.162607	0.985882	0.258824
Amp	 9	131300290	131300290	0.744936	0.162607	0.985882	0.258824
Amp	 9	134106082	134106082	0.744936	0.162607	0.985882	0.258824
Amp	 9	135202783	135202783	0.744936	0.162607	0.985882	0.258824
Amp	 9	135204769	135204769	0.744936	0.162607	0.985882	0.258824
Amp	 9	135221791	135221791	0.744936	0.162607	0.985882	0.258824
Amp	 9	135277130	135277130	0.744936	0.162607	0.985882	0.258824
Amp	 9	139107143	139107143	0.744936	0.162607	0.985882	0.258824
Amp	 9	139878151	139878151	0.744936	0.162607	0.985882	0.258824
Amp	 9	140245832	140245832	0.744936	0.162607	0.985882	0.258824
Amp	 9	140267960	140267960	0.744936	0.162607	0.985882	0.258824
Amp	 9	140510365	140510365	0.744936	0.162607	0.985882	0.258824
